A* MATRICES PREVIEW AFTER CLICKED GOAL
binary: 0=free, 1=occupied/unknown
inflated: 0=free, 1=blocked after hard inflation
distance: distance to nearest wall in meters
cost: 0.00=safe, 1.00=near obstacle/blocked
g: cost from start, -1 means not reached
f: g+h, -1 means not reached
closed: 1 means cell expanded by A*
path: 1 means final A* path


===== START CROP around pixel (439, 93) =====

BINARY:
[[0 0 0 0 0 0 0 0 0 0 0 0 0 0 0 0 0 0 0 0 0 0 0 0 0]
 [0 0 0 0 0 0 0 0 0 0 0 0 0 0 0 0 0 0 0 0 0 0 0 0 0]
 [0 0 0 0 0 0 0 0 0 0 0 0 0 0 0 0 0 0 0 0 0 0 0 0 0]
 [0 0 0 0 0 0 0 0 0 0 0 0 0 0 0 0 0 0 0 0 0 0 0 0 0]
 [0 0 0 0 0 0 0 0 0 0 0 0 0 0 0 0 0 0 0 0 0 0 0 0 0]
 [0 0 0 0 0 0 0 0 0 0 0 0 0 0 0 0 0 0 0 0 0 0 0 0 0]
 [0 0 0 0 0 0 0 0 0 0 0 0 0 0 0 0 0 0 0 0 0 0 0 0 0]
 [0 0 0 0 0 0 0 0 0 0 0 0 0 0 0 0 0 0 0 0 0 0 0 0 0]
 [0 0 0 0 0 0 0 0 0 0 0 0 0 0 0 0 0 0 0 0 0 0 0 0 0]
 [0 0 0 0 0 0 0 0 0 0 0 0 0 0 0 0 0 0 0 0 0 0 0 0 0]
 [0 0 0 0 0 0 0 0 0 0 0 0 0 0 0 0 0 0 0 0 0 0 0 0 0]
 [0 0 0 0 0 0 0 0 0 0 0 0 0 0 0 0 0 0 0 0 0 0 0 0 0]
 [0 0 0 0 0 0 0 0 0 0 0 0 0 0 0 0 0 0 0 0 0 0 0 0 0]
 [0 0 0 0 0 0 0 0 0 0 0 0 0 0 0 0 0 0 0 0 0 0 0 0 0]
 [0 0 0 0 0 0 0 0 0 0 0 0 0 0 0 0 0 0 0 0 0 0 0 0 0]
 [0 0 0 0 0 0 0 0 0 0 0 0 0 0 0 0 0 0 0 0 0 0 0 0 0]
 [0 0 0 0 0 0 0 0 0 0 0 0 0 0 0 0 0 0 0 0 0 0 0 0 0]
 [0 0 0 0 0 0 0 0 0 0 0 0 0 0 0 0 0 0 0 0 0 0 0 0 0]
 [0 0 0 0 0 0 0 0 0 0 0 0 0 0 0 0 0 0 0 0 0 0 0 0 0]
 [0 0 0 0 0 0 0 0 0 0 0 0 0 0 0 0 0 0 0 0 0 0 0 0 0]
 [0 0 0 0 0 0 0 0 0 0 0 0 0 0 0 0 0 0 0 0 0 0 0 0 0]
 [0 0 0 0 0 0 0 0 0 0 0 0 0 0 0 0 0 0 0 0 0 0 0 0 0]
 [0 0 0 0 0 0 0 0 0 0 0 0 0 0 0 0 0 0 0 0 0 0 0 0 0]
 [0 0 0 0 0 0 0 0 0 0 0 0 0 0 0 0 0 0 0 0 0 0 0 0 0]
 [0 0 0 0 0 0 0 0 0 0 0 0 0 0 0 0 0 0 0 0 0 0 0 0 0]]

INFLATED:
[[0 0 0 0 0 0 0 0 0 0 0 0 0 0 0 0 0 0 0 0 0 0 0 0 0]
 [0 0 0 0 0 0 0 0 0 0 0 0 0 0 0 0 0 0 0 0 0 0 0 0 0]
 [0 0 0 0 0 0 0 0 0 0 0 0 0 0 0 0 0 0 0 0 0 0 0 0 0]
 [0 0 0 0 0 0 0 0 0 0 0 0 0 0 0 0 0 0 0 0 0 0 0 0 0]
 [0 0 0 0 0 0 0 0 0 0 0 0 0 0 0 0 0 0 0 0 0 0 0 0 0]
 [0 0 0 0 0 0 0 0 0 0 0 0 0 0 0 0 0 0 0 0 0 0 0 0 0]
 [0 0 0 0 0 0 0 0 0 0 0 0 0 0 0 0 0 0 0 0 0 0 0 0 0]
 [0 0 0 0 0 0 0 0 0 0 0 0 0 0 0 0 0 0 0 0 0 0 0 0 0]
 [0 0 0 0 0 0 0 0 0 0 0 0 0 0 0 0 0 0 0 0 0 0 0 0 0]
 [0 0 0 0 0 0 0 0 0 0 0 0 0 0 0 0 0 0 0 0 0 0 0 0 0]
 [0 0 0 0 0 0 0 0 0 0 0 0 0 0 0 0 0 0 0 0 0 0 0 0 0]
 [0 0 0 0 0 0 0 0 0 0 0 0 0 0 0 0 0 0 0 0 0 0 0 0 0]
 [0 0 0 0 0 0 0 0 0 0 0 0 0 0 0 0 0 0 0 0 0 0 0 0 0]
 [0 0 0 0 0 0 0 0 0 0 0 0 0 0 0 0 0 0 0 0 0 0 0 0 0]
 [0 0 0 0 0 0 0 0 0 0 0 0 0 0 0 0 0 0 0 0 0 0 0 0 0]
 [0 0 0 0 0 0 0 0 0 0 0 0 0 0 0 0 0 0 0 0 0 0 0 0 0]
 [0 0 0 0 0 0 0 0 0 0 0 0 0 0 0 0 0 0 0 0 0 0 0 0 0]
 [0 0 0 0 0 0 0 0 0 0 0 0 0 0 0 0 0 0 0 0 0 0 0 0 0]
 [0 0 0 0 0 0 0 0 0 0 0 0 0 0 0 0 0 0 0 0 0 0 0 0 0]
 [0 0 0 0 0 0 0 0 0 0 0 0 0 0 0 0 0 0 0 0 0 0 0 0 0]
 [0 0 0 0 0 0 0 0 0 0 0 0 0 0 0 0 0 0 0 0 0 0 0 0 0]
 [0 0 0 0 0 0 0 0 0 0 0 0 0 0 0 0 0 0 0 0 0 0 0 0 0]
 [0 0 0 0 0 0 0 0 0 0 0 0 0 0 0 0 0 0 0 0 0 0 0 0 0]
 [0 0 0 0 0 0 0 0 0 0 0 0 0 0 0 0 0 0 0 0 0 0 0 0 0]
 [0 0 0 0 0 0 0 0 0 0 0 0 0 0 0 0 0 0 0 0 0 0 0 0 0]]

DISTANCE TO WALL [m]:
[[3.22 3.17 3.12 3.07 3.02 2.97 2.92 2.87 2.82 2.77 2.72 2.67 2.62 2.57
  2.52 2.47 2.42 2.37 2.32 2.27 2.22 2.17 2.12 2.07 2.02]
 [3.21 3.16 3.11 3.06 3.01 2.96 2.91 2.86 2.81 2.76 2.71 2.66 2.61 2.56
  2.51 2.46 2.41 2.36 2.31 2.26 2.21 2.16 2.11 2.06 2.01]
 [3.2  3.15 3.1  3.05 3.   2.95 2.9  2.85 2.8  2.75 2.7  2.65 2.6  2.55
  2.5  2.45 2.4  2.35 2.3  2.25 2.2  2.15 2.1  2.05 2.  ]
 [3.18 3.14 3.09 3.04 2.99 2.94 2.89 2.84 2.79 2.74 2.69 2.64 2.59 2.54
  2.49 2.44 2.39 2.34 2.29 2.24 2.19 2.14 2.09 2.04 1.99]
 [3.13 3.13 3.08 3.03 2.98 2.93 2.88 2.83 2.78 2.73 2.68 2.63 2.58 2.53
  2.48 2.43 2.38 2.33 2.28 2.23 2.18 2.13 2.08 2.03 1.98]
 [3.08 3.11 3.07 3.02 2.97 2.92 2.87 2.82 2.77 2.72 2.67 2.62 2.57 2.52
  2.47 2.42 2.37 2.32 2.27 2.22 2.17 2.12 2.07 2.02 1.97]
 [3.04 3.07 3.06 3.01 2.96 2.91 2.86 2.81 2.76 2.71 2.66 2.61 2.56 2.51
  2.46 2.41 2.36 2.31 2.26 2.21 2.16 2.11 2.06 2.01 1.96]
 [3.   3.03 3.05 3.   2.95 2.9  2.85 2.8  2.75 2.7  2.65 2.6  2.55 2.5
  2.45 2.4  2.35 2.3  2.25 2.2  2.15 2.1  2.05 2.   1.95]
 [2.96 2.99 3.02 3.   2.95 2.9  2.85 2.8  2.75 2.7  2.65 2.6  2.55 2.5
  2.45 2.4  2.35 2.3  2.25 2.2  2.15 2.1  2.05 2.   1.95]
 [2.92 2.95 2.98 3.   2.95 2.9  2.85 2.8  2.75 2.7  2.65 2.6  2.55 2.5
  2.45 2.4  2.35 2.3  2.25 2.2  2.15 2.1  2.05 2.   1.95]
 [2.88 2.91 2.94 2.97 2.95 2.9  2.85 2.8  2.75 2.7  2.65 2.6  2.55 2.5
  2.45 2.4  2.35 2.3  2.25 2.2  2.15 2.1  2.05 2.   1.95]
 [2.84 2.87 2.9  2.93 2.95 2.9  2.85 2.8  2.75 2.7  2.65 2.6  2.55 2.5
  2.45 2.4  2.35 2.3  2.25 2.2  2.15 2.1  2.05 2.   1.95]
 [2.8  2.83 2.86 2.89 2.92 2.9  2.85 2.8  2.75 2.7  2.65 2.6  2.55 2.5
  2.45 2.4  2.35 2.3  2.25 2.2  2.15 2.1  2.05 2.   1.95]
 [2.76 2.79 2.82 2.85 2.88 2.9  2.85 2.8  2.75 2.7  2.65 2.6  2.55 2.5
  2.45 2.4  2.35 2.3  2.25 2.2  2.15 2.1  2.05 2.   1.95]
 [2.72 2.75 2.78 2.81 2.84 2.87 2.85 2.8  2.75 2.7  2.65 2.6  2.55 2.5
  2.45 2.4  2.35 2.3  2.25 2.2  2.15 2.1  2.05 2.   1.95]
 [2.68 2.71 2.74 2.77 2.8  2.83 2.85 2.8  2.75 2.7  2.65 2.6  2.55 2.5
  2.45 2.4  2.35 2.3  2.25 2.2  2.15 2.1  2.05 2.   1.95]
 [2.64 2.67 2.7  2.73 2.76 2.79 2.82 2.8  2.75 2.7  2.65 2.6  2.55 2.5
  2.45 2.4  2.35 2.3  2.25 2.2  2.15 2.1  2.05 2.   1.95]
 [2.6  2.63 2.66 2.69 2.72 2.75 2.78 2.8  2.75 2.7  2.65 2.6  2.55 2.5
  2.45 2.4  2.35 2.3  2.25 2.2  2.15 2.1  2.05 2.   1.95]
 [2.56 2.59 2.62 2.65 2.68 2.71 2.74 2.77 2.75 2.7  2.65 2.6  2.55 2.5
  2.45 2.4  2.35 2.3  2.25 2.2  2.15 2.1  2.05 2.   1.95]
 [2.52 2.55 2.58 2.61 2.64 2.67 2.7  2.73 2.75 2.7  2.65 2.6  2.55 2.5
  2.45 2.4  2.35 2.3  2.25 2.2  2.15 2.1  2.05 2.   1.95]
 [2.48 2.51 2.54 2.57 2.6  2.63 2.66 2.69 2.72 2.7  2.65 2.6  2.55 2.5
  2.45 2.4  2.35 2.3  2.25 2.2  2.15 2.1  2.05 2.   1.95]
 [2.44 2.47 2.5  2.53 2.56 2.59 2.62 2.65 2.68 2.7  2.65 2.6  2.55 2.5
  2.45 2.4  2.35 2.3  2.25 2.2  2.15 2.1  2.05 2.   1.95]
 [2.4  2.43 2.46 2.49 2.52 2.55 2.58 2.61 2.64 2.67 2.65 2.6  2.55 2.5
  2.45 2.4  2.35 2.3  2.25 2.2  2.15 2.1  2.05 2.   1.95]
 [2.36 2.39 2.42 2.45 2.48 2.51 2.54 2.57 2.6  2.63 2.65 2.6  2.55 2.5
  2.45 2.4  2.35 2.3  2.25 2.2  2.15 2.1  2.05 2.   1.95]
 [2.32 2.35 2.38 2.41 2.44 2.47 2.5  2.53 2.56 2.59 2.63 2.6  2.55 2.5
  2.45 2.4  2.35 2.3  2.25 2.2  2.15 2.1  2.05 2.   1.95]]

COST:
[[0.   0.   0.   0.   0.   0.   0.   0.   0.   0.01 0.01 0.01 0.02 0.02
  0.03 0.03 0.04 0.04 0.05 0.06 0.07 0.08 0.09 0.1  0.11]
 [0.   0.   0.   0.   0.   0.   0.   0.   0.   0.01 0.01 0.01 0.02 0.02
  0.03 0.03 0.04 0.05 0.05 0.06 0.07 0.08 0.09 0.1  0.11]
 [0.   0.   0.   0.   0.   0.   0.   0.   0.   0.01 0.01 0.01 0.02 0.02
  0.03 0.03 0.04 0.05 0.05 0.06 0.07 0.08 0.09 0.1  0.11]
 [0.   0.   0.   0.   0.   0.   0.   0.   0.   0.01 0.01 0.01 0.02 0.02
  0.03 0.03 0.04 0.05 0.06 0.06 0.07 0.08 0.09 0.1  0.11]
 [0.   0.   0.   0.   0.   0.   0.   0.   0.01 0.01 0.01 0.02 0.02 0.02
  0.03 0.04 0.04 0.05 0.06 0.07 0.07 0.08 0.09 0.1  0.12]
 [0.   0.   0.   0.   0.   0.   0.   0.   0.01 0.01 0.01 0.02 0.02 0.03
  0.03 0.04 0.04 0.05 0.06 0.07 0.08 0.09 0.1  0.11 0.12]
 [0.   0.   0.   0.   0.   0.   0.   0.   0.01 0.01 0.01 0.02 0.02 0.03
  0.03 0.04 0.05 0.05 0.06 0.07 0.08 0.09 0.1  0.11 0.12]
 [0.   0.   0.   0.   0.   0.   0.   0.   0.01 0.01 0.01 0.02 0.02 0.03
  0.03 0.04 0.05 0.05 0.06 0.07 0.08 0.09 0.1  0.11 0.12]
 [0.   0.   0.   0.   0.   0.   0.   0.   0.01 0.01 0.01 0.02 0.02 0.03
  0.03 0.04 0.05 0.05 0.06 0.07 0.08 0.09 0.1  0.11 0.12]
 [0.   0.   0.   0.   0.   0.   0.   0.   0.01 0.01 0.01 0.02 0.02 0.03
  0.03 0.04 0.05 0.05 0.06 0.07 0.08 0.09 0.1  0.11 0.12]
 [0.   0.   0.   0.   0.   0.   0.   0.   0.01 0.01 0.01 0.02 0.02 0.03
  0.03 0.04 0.05 0.05 0.06 0.07 0.08 0.09 0.1  0.11 0.12]
 [0.   0.   0.   0.   0.   0.   0.   0.   0.01 0.01 0.01 0.02 0.02 0.03
  0.03 0.04 0.05 0.05 0.06 0.07 0.08 0.09 0.1  0.11 0.12]
 [0.   0.   0.   0.   0.   0.   0.   0.   0.01 0.01 0.01 0.02 0.02 0.03
  0.03 0.04 0.05 0.05 0.06 0.07 0.08 0.09 0.1  0.11 0.12]
 [0.01 0.01 0.   0.   0.   0.   0.   0.   0.01 0.01 0.01 0.02 0.02 0.03
  0.03 0.04 0.05 0.05 0.06 0.07 0.08 0.09 0.1  0.11 0.12]
 [0.01 0.01 0.01 0.   0.   0.   0.   0.   0.01 0.01 0.01 0.02 0.02 0.03
  0.03 0.04 0.05 0.05 0.06 0.07 0.08 0.09 0.1  0.11 0.12]
 [0.01 0.01 0.01 0.01 0.   0.   0.   0.   0.01 0.01 0.01 0.02 0.02 0.03
  0.03 0.04 0.05 0.05 0.06 0.07 0.08 0.09 0.1  0.11 0.12]
 [0.01 0.01 0.01 0.01 0.01 0.   0.   0.   0.01 0.01 0.01 0.02 0.02 0.03
  0.03 0.04 0.05 0.05 0.06 0.07 0.08 0.09 0.1  0.11 0.12]
 [0.02 0.02 0.01 0.01 0.01 0.01 0.01 0.   0.01 0.01 0.01 0.02 0.02 0.03
  0.03 0.04 0.05 0.05 0.06 0.07 0.08 0.09 0.1  0.11 0.12]
 [0.02 0.02 0.02 0.01 0.01 0.01 0.01 0.01 0.01 0.01 0.01 0.02 0.02 0.03
  0.03 0.04 0.05 0.05 0.06 0.07 0.08 0.09 0.1  0.11 0.12]
 [0.03 0.02 0.02 0.02 0.01 0.01 0.01 0.01 0.01 0.01 0.01 0.02 0.02 0.03
  0.03 0.04 0.05 0.05 0.06 0.07 0.08 0.09 0.1  0.11 0.12]
 [0.03 0.03 0.02 0.02 0.02 0.02 0.01 0.01 0.01 0.01 0.01 0.02 0.02 0.03
  0.03 0.04 0.05 0.05 0.06 0.07 0.08 0.09 0.1  0.11 0.12]
 [0.04 0.03 0.03 0.02 0.02 0.02 0.02 0.01 0.01 0.01 0.01 0.02 0.02 0.03
  0.03 0.04 0.05 0.05 0.06 0.07 0.08 0.09 0.1  0.11 0.12]
 [0.04 0.04 0.03 0.03 0.03 0.02 0.02 0.02 0.01 0.01 0.01 0.02 0.02 0.03
  0.03 0.04 0.05 0.05 0.06 0.07 0.08 0.09 0.1  0.11 0.12]
 [0.05 0.04 0.04 0.03 0.03 0.03 0.02 0.02 0.02 0.02 0.01 0.02 0.02 0.03
  0.03 0.04 0.05 0.05 0.06 0.07 0.08 0.09 0.1  0.11 0.12]
 [0.05 0.05 0.04 0.04 0.03 0.03 0.03 0.02 0.02 0.02 0.02 0.02 0.02 0.03
  0.03 0.04 0.05 0.05 0.06 0.07 0.08 0.09 0.1  0.11 0.12]]

G MATRIX:
[[ 28.18  27.76  27.35  26.93  26.56  26.56  27.11  27.88  28.99  30.65
   32.75  35.58  39.    43.09  47.95  53.65  60.28  67.92  76.65  86.56
   97.72 110.24 124.18 139.62 156.67]
 [ 27.18  26.76  26.35  25.93  25.56  25.54  26.06  26.8   27.97  29.47
   31.65  34.32  37.87  42.11  47.13  53.    59.82  67.67  76.63  86.78
   98.2  110.99 125.22 140.97 158.34]
 [ 26.18  25.76  25.35  24.93  24.56  24.51  24.92  25.7   26.69  28.24
   30.17  32.94  36.25  40.6   45.69  51.74  58.76  66.82  76.    86.39
   98.08 111.15 125.67 141.73 159.43]
 [ 25.18  24.76  24.35  23.93  23.56  23.47  23.75  24.33  25.35  26.62
   28.62  31.05  34.4   38.36  43.36  49.31  56.28  64.56  73.97  84.61
   96.57 109.91 124.73 141.11 159.13]
 [ 24.33  23.76  23.35  22.93  22.56  22.41  22.54  22.9   23.61  24.94
   26.57  29.01  31.94  35.8   40.48  46.08  52.94  61.39  71.04  81.93
   94.15 107.78 122.9  139.6  157.95]
 [ 23.64  22.92  22.35  21.93  21.55  21.33  21.3   21.41  21.8   22.74
   24.36  26.36  29.17  32.68  36.99  42.45  49.38  57.9   67.79  78.93
   91.42 105.34 120.76 137.78 156.47]
 [ 23.07  22.23  21.5   20.93  20.53  20.22  20.02  19.87  19.91  20.43
   21.54  23.39  25.83  28.95  33.1   38.6   45.57  54.14  64.27  75.68
   88.44 102.65 118.38 135.72 154.75]
 [ 22.63  21.66  20.81  20.09  19.52  19.08  18.69  18.27  17.95  18.02
   18.61  19.85  21.88  24.81  28.98  34.5   41.5   50.09  60.46  72.13
   85.17  99.67 115.71 133.38 152.75]
 [ 22.25  21.22  20.24  19.4   18.67  18.05  17.43  16.75  15.91  15.52
   15.57  16.19  17.5   20.43  24.6   30.13  37.12  46.29  56.66  68.33
   81.37  95.87 111.91 129.58 148.96]
 [ 21.96  20.85  19.8   18.83  17.98  17.2   16.4   15.49  14.39  13.02
   12.53  12.52  13.13  16.06  20.23  25.75  33.79  42.96  53.33  65.
   78.04  92.54 108.58 126.25 145.63]
 [ 21.84  20.58  19.44  18.37  17.41  16.51  15.55  14.45  13.13  11.5
    9.49   8.85   8.75  11.68  15.85  22.85  30.89  40.06  50.43  62.1
   75.14  89.64 105.68 123.35 142.73]
 [ 21.94  20.49  19.2   18.02  16.93  15.94  14.86  13.61  12.1   10.24
    7.97   5.19   4.38   7.31  13.35  20.35  28.39  37.56  47.93  59.6
   72.64  87.14 103.18 120.85 140.22]
 [ 22.31  20.62  19.12  17.78  16.57  15.46  14.29  12.92  11.25   9.21
    6.71   3.67   0.     5.17  11.21  18.21  26.25  35.42  45.79  57.46
   70.5   85.   101.04 118.71 138.08]
 [ 23.43  21.61  19.99  18.54  17.19  15.94  14.86  13.61  12.1   10.24
    7.97   5.19   4.38   7.31  13.35  20.35  28.39  37.56  47.93  59.6
   72.64  87.14 103.18 120.85 140.22]
 [ 24.91  22.91  21.12  19.48  17.98  16.69  15.55  14.45  13.13  11.5
    9.49   8.85   8.75  11.68  15.85  22.85  30.89  40.06  50.43  62.1
   75.14  89.64 105.68 123.35 142.73]
 [ 26.78  24.55  22.52  20.66  19.06  17.66  16.4   15.49  14.39  13.02
   12.53  12.52  13.13  16.06  20.23  25.75  33.79  42.96  53.33  65.
   78.04  92.54 108.58 126.25 145.63]
 [ 29.06  26.54  24.23  22.23  20.46  18.87  17.68  16.75  15.91  15.52
   15.57  16.19  17.5   20.43  24.6   30.13  37.12  46.29  56.66  68.33
   81.37  95.87 111.91 129.58 148.96]
 [ 31.77  28.91  26.4   24.17  22.16  20.59  19.32  18.27  17.95  18.02
   18.61  19.85  21.88  24.81  28.98  34.5   41.5   50.09  60.46  72.13
   85.17  99.67 115.71 133.38 152.75]
 [ 34.94  31.82  29.02  26.49  24.44  22.74  21.29  20.16  19.99  20.52
   21.65  23.52  26.04  29.18  33.35  38.88  45.87  54.46  64.76  76.43
   89.47 103.97 120.01 137.68 157.05]
 [ 38.71  35.25  32.1   29.47  27.23  25.29  23.71  22.38  22.03  23.02
   24.7   26.84  29.71  33.35  37.73  43.25  50.25  58.84  69.13  80.8
   93.84 108.34 124.38 142.05 161.43]
 [ 43.09  39.21  35.91  33.04  30.51  28.37  26.54  24.99  24.35  25.52
   27.32  29.88  33.03  37.01  41.89  47.63  54.62  63.21  73.51  85.18
   98.22 112.72 128.76 146.43 165.8 ]
 [ 48.07  43.99  40.38  37.16  34.38  31.94  29.83  28.05  27.06  27.88
   29.82  32.51  36.07  40.33  45.56  51.79  59.    67.59  77.88  89.55
  102.59 117.09 133.13 150.8  170.18]
 [ 53.94  49.49  45.48  41.95  38.81  36.04  33.63  31.59  30.23  30.7
   32.19  35.01  38.7   43.37  48.88  55.46  63.16  71.96  82.26  93.93
  106.97 121.47 137.51 155.18 174.55]
 [ 60.61  55.71  51.33  47.38  43.85  40.72  38.    35.68  33.9   33.99
   35.    37.37  41.2   46.    51.92  58.78  66.82  75.99  86.36  98.03
  111.07 125.57 141.61 159.28 178.65]
 [ 68.06  62.74  57.89  53.49  49.55  46.05  42.99  40.36  38.13  37.79
   38.29  40.19  43.56  48.5   54.55  61.55  69.59  78.75  89.13 100.8
  113.84 128.34 144.38 162.05 181.42]]

F MATRIX:
[[290.79 291.3  291.81 292.32 292.87 293.79 295.27 296.96 299.   301.58
  304.61 308.36 312.71 317.74 323.52 330.15 337.71 346.28 355.94 366.78
  378.88 392.32 407.19 423.58 441.55]
 [289.41 289.92 290.43 290.94 291.49 292.39 293.83 295.5  297.6  300.03
  303.14 306.74 311.21 316.38 322.33 329.14 336.89 345.67 355.55 366.64
  379.   392.72 407.88 424.57 442.87]
 [288.02 288.53 289.05 289.56 290.11 290.99 292.32 294.03 295.95 298.43
  301.28 304.98 309.23 314.51 320.52 327.51 335.46 344.45 354.57 365.9
  378.52 392.52 407.97 424.97 443.6 ]
 [286.64 287.16 287.67 288.18 288.73 289.57 290.78 292.28 294.23 296.44
  299.37 302.73 307.01 311.9  317.83 324.71 332.62 341.83 352.18 363.76
  376.65 390.93 406.68 424.   442.96]
 [285.42 285.78 286.29 286.81 287.36 288.14 289.21 290.49 292.13 294.39
  296.96 300.33 304.19 308.98 314.6  321.13 328.92 338.31 348.89 360.72
  373.88 388.45 404.5  422.14 441.43]
 [284.36 284.56 284.92 285.44 285.98 286.69 287.6  288.64 289.96 291.83
  294.38 297.32 301.06 305.51 310.76 317.15 325.01 334.47 345.29 357.38
  370.8  385.66 402.02 419.98 439.61]
 [283.42 283.5  283.71 284.07 284.6  285.22 285.95 286.73 287.71 289.16
  291.21 293.99 297.37 301.42 306.51 312.94 320.86 330.36 341.43 353.77
  367.47 382.62 399.29 417.57 437.54]
 [282.61 282.57 282.65 282.86 283.23 283.72 284.27 284.77 285.39 286.4
  287.92 290.1  293.06 296.93 302.03 308.5  316.43 325.96 337.27 349.88
  363.86 379.3  396.28 414.89 435.21]
 [281.86 281.76 281.72 281.81 282.02 282.33 282.65 282.9  283.   283.55
  284.53 286.08 288.34 292.21 297.31 303.78 311.71 321.82 333.14 345.74
  359.73 375.17 392.15 410.76 431.08]
 [281.22 281.03 280.92 280.89 280.98 281.13 281.26 281.29 281.13 280.7
  281.14 282.07 283.62 287.49 292.6  299.06 308.04 318.15 329.47 342.07
  356.06 371.5  388.49 407.1  427.41]
 [280.74 280.42 280.21 280.08 280.06 280.09 280.07 279.91 279.52 278.83
  277.76 278.06 278.9  282.77 287.88 295.82 304.81 314.91 326.23 338.84
  352.83 368.27 385.26 403.87 424.19]
 [280.48 279.97 279.61 279.37 279.22 279.17 279.03 278.71 278.14 277.23
  275.9  274.05 274.18 278.06 285.04 292.98 301.97 312.08 323.4  336.01
  349.99 365.44 382.43 401.04 421.36]
 [280.51 279.76 279.19 278.79 278.52 278.34 278.12 277.68 276.96 275.86
  274.3  272.2  269.47 275.58 282.57 290.51 299.5  309.61 320.93 333.54
  347.53 362.97 379.96 398.57 418.9 ]
 [281.28 280.39 279.71 279.2  278.8  278.49 278.35 278.03 277.47 276.56
  275.22 273.38 273.52 277.39 284.38 292.32 301.31 311.42 322.74 335.36
  349.34 364.79 381.78 400.39 420.72]
 [282.41 281.35 280.5  279.8  279.24 278.9  278.7  278.55 278.17 277.48
  276.41 276.72 277.56 281.44 286.55 294.5  303.49 313.6  324.92 337.54
  351.53 366.97 383.96 402.58 422.9 ]
 [283.94 282.66 281.56 280.65 280.   279.54 279.21 279.25 279.1  278.67
  279.12 280.06 281.61 285.49 290.61 297.08 306.07 316.18 327.5  340.12
  354.11 369.56 386.55 405.17 425.49]
 [285.89 284.31 282.94 281.88 281.06 280.41 280.17 280.18 280.29 280.85
  281.84 283.4  285.66 289.54 294.66 301.13 309.08 319.19 330.52 343.14
  357.13 372.58 389.57 408.19 428.51]
 [288.26 286.35 284.78 283.49 282.43 281.8  281.48 281.38 282.01 283.02
  284.56 286.75 289.72 293.6  298.72 305.19 313.14 322.68 334.   346.62
  360.61 376.06 393.06 411.68 432.  ]
 [291.1  288.93 287.08 285.49 284.39 283.63 283.13 282.95 283.73 285.21
  287.28 290.1  293.57 297.66 302.78 309.25 317.2  326.74 337.99 350.61
  364.6  380.06 397.05 415.67 436.  ]
 [294.55 292.04 289.83 288.15 286.86 285.87 285.23 284.85 285.45 287.39
  290.01 293.11 296.92 301.51 306.84 313.32 321.27 330.81 342.06 354.68
  368.68 384.13 401.12 419.74 440.07]
 [298.6  295.68 293.32 291.39 289.81 288.63 287.74 287.15 287.45 289.58
  292.33 295.84 299.93 304.87 310.7  317.39 325.34 334.88 346.13 358.75
  372.75 388.2  405.2  423.82 444.15]
 [303.27 300.13 297.47 295.2  293.37 291.88 290.72 289.89 289.86 291.63
  294.52 298.16 302.67 307.89 314.07 321.25 329.41 338.96 350.21 362.83
  376.83 392.28 409.28 427.9  448.24]
 [308.82 305.32 302.26 299.68 297.49 295.67 294.22 293.12 292.72 294.14
  296.58 300.36 305.   310.63 317.09 324.62 333.28 343.04 354.29 366.91
  380.91 396.37 413.36 431.99 452.32]
 [315.18 311.23 307.8  304.8  302.22 300.05 298.28 296.91 296.08 297.13
  299.1  302.42 307.2  312.96 319.83 327.64 336.64 346.77 358.1  370.72
  384.72 400.18 417.18 435.8  456.14]
 [322.32 317.95 314.05 310.61 307.62 305.08 302.97 301.29 300.01 300.63
  302.08 304.94 309.27 315.17 322.16 330.12 339.12 349.24 360.58 373.2
  387.2  402.66 419.66 438.29 458.62]]

CLOSED:
[[1 1 1 1 1 1 1 1 1 1 1 1 1 1 1 1 1 1 1 1 1 1 1 1 1]
 [1 1 1 1 1 1 1 1 1 1 1 1 1 1 1 1 1 1 1 1 1 1 1 1 1]
 [1 1 1 1 1 1 1 1 1 1 1 1 1 1 1 1 1 1 1 1 1 1 1 1 1]
 [1 1 1 1 1 1 1 1 1 1 1 1 1 1 1 1 1 1 1 1 1 1 1 1 1]
 [1 1 1 1 1 1 1 1 1 1 1 1 1 1 1 1 1 1 1 1 1 1 1 1 1]
 [1 1 1 1 1 1 1 1 1 1 1 1 1 1 1 1 1 1 1 1 1 1 1 1 1]
 [1 1 1 1 1 1 1 1 1 1 1 1 1 1 1 1 1 1 1 1 1 1 1 1 1]
 [1 1 1 1 1 1 1 1 1 1 1 1 1 1 1 1 1 1 1 1 1 1 1 1 1]
 [1 1 1 1 1 1 1 1 1 1 1 1 1 1 1 1 1 1 1 1 1 1 1 1 1]
 [1 1 1 1 1 1 1 1 1 1 1 1 1 1 1 1 1 1 1 1 1 1 1 1 1]
 [1 1 1 1 1 1 1 1 1 1 1 1 1 1 1 1 1 1 1 1 1 1 1 1 1]
 [1 1 1 1 1 1 1 1 1 1 1 1 1 1 1 1 1 1 1 1 1 1 1 1 1]
 [1 1 1 1 1 1 1 1 1 1 1 1 1 1 1 1 1 1 1 1 1 1 1 1 1]
 [1 1 1 1 1 1 1 1 1 1 1 1 1 1 1 1 1 1 1 1 1 1 1 1 1]
 [1 1 1 1 1 1 1 1 1 1 1 1 1 1 1 1 1 1 1 1 1 1 1 1 1]
 [1 1 1 1 1 1 1 1 1 1 1 1 1 1 1 1 1 1 1 1 1 1 1 1 1]
 [1 1 1 1 1 1 1 1 1 1 1 1 1 1 1 1 1 1 1 1 1 1 1 1 1]
 [1 1 1 1 1 1 1 1 1 1 1 1 1 1 1 1 1 1 1 1 1 1 1 1 1]
 [1 1 1 1 1 1 1 1 1 1 1 1 1 1 1 1 1 1 1 1 1 1 1 1 1]
 [1 1 1 1 1 1 1 1 1 1 1 1 1 1 1 1 1 1 1 1 1 1 1 1 1]
 [1 1 1 1 1 1 1 1 1 1 1 1 1 1 1 1 1 1 1 1 1 1 1 1 1]
 [1 1 1 1 1 1 1 1 1 1 1 1 1 1 1 1 1 1 1 1 1 1 1 1 1]
 [1 1 1 1 1 1 1 1 1 1 1 1 1 1 1 1 1 1 1 1 1 1 1 1 1]
 [1 1 1 1 1 1 1 1 1 1 1 1 1 1 1 1 1 1 1 1 1 1 1 1 1]
 [1 1 1 1 1 1 1 1 1 1 1 1 1 1 1 1 1 1 1 1 1 1 1 1 1]]

PATH:
[[0 0 0 0 0 0 0 0 0 0 0 0 0 0 0 0 0 0 0 0 0 0 0 0 0]
 [0 0 0 0 0 0 0 0 0 0 0 0 0 0 0 0 0 0 0 0 0 0 0 0 0]
 [0 0 0 0 0 0 0 0 0 0 0 0 0 0 0 0 0 0 0 0 0 0 0 0 0]
 [0 0 0 0 0 0 0 0 0 0 0 0 0 0 0 0 0 0 0 0 0 0 0 0 0]
 [0 0 0 0 0 0 0 0 0 0 0 0 0 0 0 0 0 0 0 0 0 0 0 0 0]
 [0 0 0 0 0 0 0 0 0 0 0 0 0 0 0 0 0 0 0 0 0 0 0 0 0]
 [0 0 0 0 0 0 0 0 0 0 0 0 0 0 0 0 0 0 0 0 0 0 0 0 0]
 [1 0 0 0 0 0 0 0 0 0 0 0 0 0 0 0 0 0 0 0 0 0 0 0 0]
 [0 1 0 0 0 0 0 0 0 0 0 0 0 0 0 0 0 0 0 0 0 0 0 0 0]
 [0 0 1 0 0 0 0 0 0 0 0 0 0 0 0 0 0 0 0 0 0 0 0 0 0]
 [0 0 0 1 0 0 0 0 0 0 0 0 0 0 0 0 0 0 0 0 0 0 0 0 0]
 [0 0 0 0 1 0 0 0 0 0 0 0 0 0 0 0 0 0 0 0 0 0 0 0 0]
 [0 0 0 0 0 1 1 1 1 1 1 1 1 0 0 0 0 0 0 0 0 0 0 0 0]
 [0 0 0 0 0 0 0 0 0 0 0 0 0 0 0 0 0 0 0 0 0 0 0 0 0]
 [0 0 0 0 0 0 0 0 0 0 0 0 0 0 0 0 0 0 0 0 0 0 0 0 0]
 [0 0 0 0 0 0 0 0 0 0 0 0 0 0 0 0 0 0 0 0 0 0 0 0 0]
 [0 0 0 0 0 0 0 0 0 0 0 0 0 0 0 0 0 0 0 0 0 0 0 0 0]
 [0 0 0 0 0 0 0 0 0 0 0 0 0 0 0 0 0 0 0 0 0 0 0 0 0]
 [0 0 0 0 0 0 0 0 0 0 0 0 0 0 0 0 0 0 0 0 0 0 0 0 0]
 [0 0 0 0 0 0 0 0 0 0 0 0 0 0 0 0 0 0 0 0 0 0 0 0 0]
 [0 0 0 0 0 0 0 0 0 0 0 0 0 0 0 0 0 0 0 0 0 0 0 0 0]
 [0 0 0 0 0 0 0 0 0 0 0 0 0 0 0 0 0 0 0 0 0 0 0 0 0]
 [0 0 0 0 0 0 0 0 0 0 0 0 0 0 0 0 0 0 0 0 0 0 0 0 0]
 [0 0 0 0 0 0 0 0 0 0 0 0 0 0 0 0 0 0 0 0 0 0 0 0 0]
 [0 0 0 0 0 0 0 0 0 0 0 0 0 0 0 0 0 0 0 0 0 0 0 0 0]]

===== GOAL CROP around pixel (185, 183) =====

BINARY:
[[0 0 0 0 0 0 0 0 0 0 0 0 0 0 0 0 0 0 0 0 0 0 0 0 0]
 [0 0 0 0 0 0 0 0 0 0 0 0 0 0 0 0 0 0 0 0 0 0 0 0 0]
 [0 0 0 0 0 0 0 0 0 0 0 0 0 0 0 0 0 0 0 0 0 0 0 0 0]
 [0 0 0 0 0 0 0 0 0 0 0 0 0 0 0 0 0 0 0 0 0 0 0 0 0]
 [0 0 0 0 0 0 0 0 0 0 0 0 0 0 0 0 0 0 0 0 0 0 0 0 0]
 [0 0 0 0 0 0 0 0 0 0 0 0 0 0 0 0 0 0 0 0 0 0 0 0 0]
 [0 0 0 0 0 0 0 0 0 0 0 0 0 0 0 0 0 0 0 0 0 0 0 0 0]
 [0 0 0 0 0 0 0 0 0 0 0 0 0 0 0 0 0 0 0 0 0 0 0 0 0]
 [0 0 0 0 0 0 0 0 0 0 0 0 0 0 0 0 0 0 0 0 0 0 0 0 0]
 [0 0 0 0 0 0 0 0 0 0 0 0 0 0 0 0 0 0 0 0 0 0 0 0 0]
 [0 0 0 0 0 0 0 0 0 0 0 0 0 0 0 0 0 0 0 0 0 0 0 0 0]
 [0 0 0 0 0 0 0 0 0 0 0 0 0 0 0 0 0 0 0 0 0 0 0 0 0]
 [0 0 0 0 0 0 0 0 0 0 0 0 0 0 0 0 0 0 0 0 0 0 0 0 0]
 [0 0 0 0 0 0 0 0 0 0 0 0 0 0 0 0 0 0 0 0 0 0 0 0 0]
 [0 0 0 0 0 0 0 0 0 0 0 0 0 0 0 0 0 0 0 0 0 0 0 0 0]
 [0 0 0 0 0 0 0 0 0 0 0 0 0 0 0 0 0 0 0 0 0 0 0 0 0]
 [0 0 0 0 0 0 0 0 0 0 0 0 0 0 0 0 0 0 0 0 0 0 0 0 0]
 [0 0 0 0 0 0 0 0 0 0 0 0 0 0 0 0 0 0 0 0 0 0 0 0 0]
 [0 0 0 0 0 0 0 0 0 0 0 0 0 0 0 0 0 0 0 0 0 0 0 0 0]
 [0 0 0 0 0 0 0 0 0 0 0 0 0 0 0 0 0 0 0 0 0 0 0 0 0]
 [0 0 0 0 0 0 0 0 0 0 0 0 0 0 0 0 0 0 0 0 0 0 0 0 0]
 [0 0 0 0 0 0 0 0 0 0 0 0 0 0 0 0 0 0 0 0 0 0 0 0 0]
 [0 0 0 0 0 0 0 0 0 0 0 0 0 0 0 0 0 0 0 0 0 0 0 0 0]
 [0 0 0 0 0 0 0 0 0 0 0 0 0 0 0 0 0 0 0 0 0 0 0 0 0]
 [0 0 0 0 0 0 0 0 0 0 0 0 0 0 0 0 0 0 0 0 0 0 0 0 0]]

INFLATED:
[[0 0 0 0 0 0 0 1 1 1 1 1 1 1 1 1 1 1 1 1 1 1 1 1 1]
 [0 0 0 0 0 0 0 0 1 1 1 1 1 1 1 1 1 1 1 1 1 1 1 1 1]
 [0 0 0 0 0 0 0 0 0 0 1 1 1 1 1 1 1 1 1 1 1 1 1 1 1]
 [0 0 0 0 0 0 0 0 0 0 0 0 1 1 1 1 1 1 1 1 1 1 1 1 1]
 [0 0 0 0 0 0 0 0 0 0 0 0 0 1 1 1 1 1 1 1 1 1 1 1 1]
 [0 0 0 0 0 0 0 0 0 0 0 0 0 1 1 1 1 1 1 1 1 1 1 1 1]
 [0 0 0 0 0 0 0 0 0 0 0 0 0 1 1 1 1 1 1 1 1 1 1 1 1]
 [0 0 0 0 0 0 0 0 0 0 0 0 0 1 1 1 1 1 1 1 1 1 1 1 1]
 [0 0 0 0 0 0 0 0 0 0 0 0 0 1 1 1 1 1 1 1 1 1 1 1 1]
 [0 0 0 0 0 0 0 0 0 0 0 0 0 1 1 1 1 1 1 1 1 1 1 1 1]
 [0 0 0 0 0 0 0 0 0 0 0 0 0 1 1 1 1 1 1 1 1 1 1 1 1]
 [0 0 0 0 0 0 0 0 0 0 0 0 0 1 1 1 1 1 1 1 1 1 1 1 1]
 [0 0 0 0 0 0 0 0 0 0 0 0 0 1 1 1 1 1 1 1 1 1 1 1 1]
 [0 0 0 0 0 0 0 0 0 0 0 0 0 1 1 1 1 1 1 1 1 1 1 1 1]
 [0 0 0 0 0 0 0 0 0 0 0 0 0 1 1 1 1 1 1 1 1 1 1 1 1]
 [0 0 0 0 0 0 0 0 0 0 0 0 0 1 1 1 1 1 1 1 1 1 1 1 1]
 [0 0 0 0 0 0 0 0 0 0 0 0 0 1 1 1 1 1 1 1 1 1 1 1 1]
 [0 0 0 0 0 0 0 0 0 0 0 0 0 1 1 1 1 1 1 1 1 1 1 1 1]
 [0 0 0 0 0 0 0 0 0 0 0 0 0 1 1 1 1 1 1 1 1 1 1 1 1]
 [0 0 0 0 0 0 0 0 0 0 0 0 0 1 1 1 1 1 1 1 1 1 1 1 1]
 [0 0 0 0 0 0 0 0 0 0 0 0 0 1 1 1 1 1 1 1 1 1 1 1 1]
 [0 0 0 0 0 0 0 0 0 0 0 0 0 1 1 1 1 1 1 1 1 1 1 1 1]
 [0 0 0 0 0 0 0 0 0 0 0 0 0 1 1 1 1 1 1 1 1 1 1 1 1]
 [0 0 0 0 0 0 0 0 0 0 0 0 0 1 1 1 1 1 1 1 1 1 1 1 1]
 [0 0 0 0 0 0 0 0 0 0 0 0 0 1 1 1 1 1 1 1 1 1 1 1 1]]

DISTANCE TO WALL [m]:
[[1.59 1.55 1.51 1.47 1.44 1.41 1.38 1.35 1.32 1.29 1.26 1.23 1.2  1.17
  1.15 1.14 1.13 1.12 1.1  1.05 1.   0.95 0.9  0.85 0.8 ]
 [1.62 1.58 1.54 1.51 1.48 1.45 1.42 1.39 1.36 1.33 1.3  1.27 1.24 1.21
  1.2  1.19 1.18 1.15 1.1  1.05 1.   0.95 0.9  0.85 0.8 ]
 [1.65 1.61 1.58 1.55 1.52 1.49 1.46 1.43 1.4  1.37 1.34 1.31 1.28 1.26
  1.25 1.24 1.2  1.15 1.1  1.05 1.   0.95 0.9  0.85 0.8 ]
 [1.68 1.65 1.62 1.59 1.56 1.53 1.5  1.47 1.44 1.41 1.38 1.35 1.32 1.31
  1.3  1.25 1.2  1.15 1.1  1.05 1.   0.95 0.9  0.85 0.8 ]
 [1.72 1.69 1.66 1.63 1.6  1.57 1.54 1.51 1.48 1.45 1.42 1.39 1.37 1.35
  1.3  1.25 1.2  1.15 1.1  1.05 1.   0.95 0.9  0.85 0.8 ]
 [1.76 1.73 1.7  1.67 1.64 1.61 1.58 1.55 1.52 1.49 1.46 1.43 1.4  1.35
  1.3  1.25 1.2  1.15 1.1  1.05 1.   0.95 0.9  0.85 0.8 ]
 [1.8  1.77 1.74 1.71 1.68 1.65 1.62 1.59 1.56 1.53 1.5  1.45 1.4  1.35
  1.3  1.25 1.2  1.15 1.1  1.05 1.   0.95 0.9  0.85 0.8 ]
 [1.84 1.81 1.78 1.75 1.72 1.69 1.66 1.63 1.6  1.55 1.5  1.45 1.4  1.35
  1.3  1.25 1.2  1.15 1.1  1.05 1.   0.95 0.9  0.85 0.8 ]
 [1.88 1.85 1.82 1.79 1.76 1.73 1.7  1.65 1.6  1.55 1.5  1.45 1.4  1.35
  1.3  1.25 1.2  1.15 1.1  1.05 1.   0.95 0.9  0.85 0.8 ]
 [1.92 1.89 1.86 1.83 1.8  1.75 1.7  1.65 1.6  1.55 1.5  1.45 1.4  1.35
  1.3  1.25 1.2  1.15 1.1  1.05 1.   0.95 0.9  0.85 0.8 ]
 [1.96 1.93 1.9  1.85 1.8  1.75 1.7  1.65 1.6  1.55 1.5  1.45 1.4  1.35
  1.3  1.25 1.2  1.15 1.1  1.05 1.   0.95 0.9  0.85 0.8 ]
 [2.   1.95 1.9  1.85 1.8  1.75 1.7  1.65 1.6  1.55 1.5  1.45 1.4  1.35
  1.3  1.25 1.2  1.15 1.1  1.05 1.   0.95 0.9  0.85 0.8 ]
 [2.   1.95 1.9  1.85 1.8  1.75 1.7  1.65 1.6  1.55 1.5  1.45 1.4  1.35
  1.3  1.25 1.2  1.15 1.1  1.05 1.   0.95 0.9  0.85 0.8 ]
 [2.   1.95 1.9  1.85 1.8  1.75 1.7  1.65 1.6  1.55 1.5  1.45 1.4  1.35
  1.3  1.25 1.2  1.15 1.1  1.05 1.   0.95 0.9  0.85 0.8 ]
 [2.   1.95 1.9  1.85 1.8  1.75 1.7  1.65 1.6  1.55 1.5  1.45 1.4  1.35
  1.3  1.25 1.2  1.15 1.1  1.05 1.   0.95 0.9  0.85 0.8 ]
 [2.   1.95 1.9  1.85 1.8  1.75 1.7  1.65 1.6  1.55 1.5  1.45 1.4  1.35
  1.3  1.25 1.2  1.15 1.1  1.05 1.   0.95 0.9  0.85 0.8 ]
 [2.   1.95 1.9  1.85 1.8  1.75 1.7  1.65 1.6  1.55 1.5  1.45 1.4  1.35
  1.3  1.25 1.2  1.15 1.1  1.05 1.   0.95 0.9  0.85 0.8 ]
 [2.   1.95 1.9  1.85 1.8  1.75 1.7  1.65 1.6  1.55 1.5  1.45 1.4  1.35
  1.3  1.25 1.2  1.15 1.1  1.05 1.   0.95 0.9  0.85 0.8 ]
 [2.   1.95 1.9  1.85 1.8  1.75 1.7  1.65 1.6  1.55 1.5  1.45 1.4  1.35
  1.3  1.25 1.2  1.15 1.1  1.05 1.   0.95 0.9  0.85 0.8 ]
 [2.01 1.96 1.91 1.86 1.81 1.76 1.71 1.66 1.61 1.56 1.51 1.46 1.41 1.36
  1.31 1.26 1.21 1.16 1.11 1.06 1.01 0.96 0.91 0.86 0.81]
 [2.   1.95 1.9  1.85 1.8  1.75 1.7  1.65 1.6  1.55 1.5  1.45 1.4  1.35
  1.3  1.25 1.2  1.15 1.1  1.05 1.   0.95 0.9  0.85 0.8 ]
 [2.01 1.96 1.91 1.86 1.81 1.76 1.71 1.66 1.61 1.56 1.51 1.46 1.41 1.36
  1.31 1.26 1.21 1.16 1.11 1.06 1.01 0.96 0.91 0.86 0.81]
 [2.   1.95 1.9  1.85 1.8  1.75 1.7  1.65 1.6  1.55 1.5  1.45 1.4  1.35
  1.3  1.25 1.2  1.15 1.1  1.05 1.   0.95 0.9  0.85 0.8 ]
 [2.01 1.96 1.91 1.86 1.81 1.76 1.71 1.66 1.61 1.56 1.51 1.46 1.41 1.36
  1.31 1.26 1.21 1.16 1.11 1.06 1.01 0.96 0.91 0.86 0.81]
 [2.01 1.96 1.91 1.86 1.81 1.76 1.71 1.66 1.61 1.56 1.51 1.46 1.41 1.36
  1.31 1.26 1.21 1.16 1.11 1.06 1.01 0.96 0.91 0.86 0.81]]

COST:
[[0.22 0.23 0.25 0.26 0.27 0.28 0.29 1.   1.   1.   1.   1.   1.   1.
  1.   1.   1.   1.   1.   1.   1.   1.   1.   1.   1.  ]
 [0.21 0.22 0.24 0.25 0.26 0.27 0.28 0.29 1.   1.   1.   1.   1.   1.
  1.   1.   1.   1.   1.   1.   1.   1.   1.   1.   1.  ]
 [0.2  0.21 0.22 0.23 0.24 0.25 0.26 0.27 0.28 0.3  1.   1.   1.   1.
  1.   1.   1.   1.   1.   1.   1.   1.   1.   1.   1.  ]
 [0.19 0.2  0.21 0.22 0.23 0.24 0.25 0.26 0.27 0.28 0.29 0.3  1.   1.
  1.   1.   1.   1.   1.   1.   1.   1.   1.   1.   1.  ]
 [0.18 0.19 0.2  0.21 0.22 0.23 0.24 0.25 0.26 0.27 0.28 0.29 0.3  1.
  1.   1.   1.   1.   1.   1.   1.   1.   1.   1.   1.  ]
 [0.17 0.18 0.19 0.2  0.21 0.22 0.22 0.23 0.24 0.25 0.26 0.27 0.28 1.
  1.   1.   1.   1.   1.   1.   1.   1.   1.   1.   1.  ]
 [0.16 0.17 0.18 0.19 0.19 0.2  0.21 0.22 0.23 0.24 0.25 0.27 0.28 1.
  1.   1.   1.   1.   1.   1.   1.   1.   1.   1.   1.  ]
 [0.15 0.16 0.17 0.17 0.18 0.19 0.2  0.21 0.22 0.23 0.25 0.27 0.28 1.
  1.   1.   1.   1.   1.   1.   1.   1.   1.   1.   1.  ]
 [0.14 0.15 0.15 0.16 0.17 0.18 0.19 0.2  0.22 0.23 0.25 0.27 0.28 1.
  1.   1.   1.   1.   1.   1.   1.   1.   1.   1.   1.  ]
 [0.13 0.14 0.14 0.15 0.16 0.17 0.19 0.2  0.22 0.23 0.25 0.27 0.28 1.
  1.   1.   1.   1.   1.   1.   1.   1.   1.   1.   1.  ]
 [0.12 0.13 0.13 0.15 0.16 0.17 0.19 0.2  0.22 0.23 0.25 0.27 0.28 1.
  1.   1.   1.   1.   1.   1.   1.   1.   1.   1.   1.  ]
 [0.11 0.12 0.13 0.15 0.16 0.17 0.19 0.2  0.22 0.23 0.25 0.27 0.28 1.
  1.   1.   1.   1.   1.   1.   1.   1.   1.   1.   1.  ]
 [0.11 0.12 0.13 0.15 0.16 0.17 0.19 0.2  0.22 0.23 0.25 0.27 0.28 1.
  1.   1.   1.   1.   1.   1.   1.   1.   1.   1.   1.  ]
 [0.11 0.12 0.13 0.15 0.16 0.17 0.19 0.2  0.22 0.23 0.25 0.27 0.28 1.
  1.   1.   1.   1.   1.   1.   1.   1.   1.   1.   1.  ]
 [0.11 0.12 0.13 0.15 0.16 0.17 0.19 0.2  0.22 0.23 0.25 0.27 0.28 1.
  1.   1.   1.   1.   1.   1.   1.   1.   1.   1.   1.  ]
 [0.11 0.12 0.13 0.15 0.16 0.17 0.19 0.2  0.22 0.23 0.25 0.27 0.28 1.
  1.   1.   1.   1.   1.   1.   1.   1.   1.   1.   1.  ]
 [0.11 0.12 0.13 0.15 0.16 0.17 0.19 0.2  0.22 0.23 0.25 0.27 0.28 1.
  1.   1.   1.   1.   1.   1.   1.   1.   1.   1.   1.  ]
 [0.11 0.12 0.13 0.15 0.16 0.17 0.19 0.2  0.22 0.23 0.25 0.27 0.28 1.
  1.   1.   1.   1.   1.   1.   1.   1.   1.   1.   1.  ]
 [0.11 0.12 0.13 0.15 0.16 0.17 0.19 0.2  0.22 0.23 0.25 0.27 0.28 1.
  1.   1.   1.   1.   1.   1.   1.   1.   1.   1.   1.  ]
 [0.11 0.12 0.13 0.14 0.16 0.17 0.18 0.2  0.21 0.23 0.25 0.26 0.28 1.
  1.   1.   1.   1.   1.   1.   1.   1.   1.   1.   1.  ]
 [0.11 0.12 0.13 0.15 0.16 0.17 0.19 0.2  0.22 0.23 0.25 0.27 0.28 1.
  1.   1.   1.   1.   1.   1.   1.   1.   1.   1.   1.  ]
 [0.11 0.12 0.13 0.14 0.16 0.17 0.18 0.2  0.21 0.23 0.25 0.26 0.28 1.
  1.   1.   1.   1.   1.   1.   1.   1.   1.   1.   1.  ]
 [0.11 0.12 0.13 0.15 0.16 0.17 0.19 0.2  0.22 0.23 0.25 0.27 0.28 1.
  1.   1.   1.   1.   1.   1.   1.   1.   1.   1.   1.  ]
 [0.11 0.12 0.13 0.14 0.16 0.17 0.18 0.2  0.21 0.23 0.25 0.26 0.28 1.
  1.   1.   1.   1.   1.   1.   1.   1.   1.   1.   1.  ]
 [0.11 0.12 0.13 0.14 0.16 0.17 0.18 0.2  0.21 0.23 0.25 0.26 0.28 1.
  1.   1.   1.   1.   1.   1.   1.   1.   1.   1.   1.  ]]

G MATRIX:
[[ 1.91702e+03  1.95307e+03  1.99108e+03  2.03110e+03  2.07267e+03
   2.11582e+03  2.15316e+03 -1.00000e+00 -1.00000e+00 -1.00000e+00
  -1.00000e+00 -1.00000e+00 -1.00000e+00 -1.00000e+00 -1.00000e+00
  -1.00000e+00 -1.00000e+00 -1.00000e+00 -1.00000e+00 -1.00000e+00
  -1.00000e+00 -1.00000e+00 -1.00000e+00 -1.00000e+00 -1.00000e+00]
 [ 1.91911e+03  1.95372e+03  1.99025e+03  2.02826e+03  2.06625e+03
   2.08985e+03  2.11461e+03  2.14053e+03 -1.00000e+00 -1.00000e+00
  -1.00000e+00 -1.00000e+00 -1.00000e+00 -1.00000e+00 -1.00000e+00
  -1.00000e+00 -1.00000e+00 -1.00000e+00 -1.00000e+00 -1.00000e+00
  -1.00000e+00 -1.00000e+00 -1.00000e+00 -1.00000e+00 -1.00000e+00]
 [ 1.92103e+03  1.95423e+03  1.98885e+03  2.01036e+03  2.03177e+03
   2.05430e+03  2.07796e+03  2.10342e+03  2.13199e+03  2.16396e+03
  -1.00000e+00 -1.00000e+00 -1.00000e+00 -1.00000e+00 -1.00000e+00
  -1.00000e+00 -1.00000e+00 -1.00000e+00 -1.00000e+00 -1.00000e+00
  -1.00000e+00 -1.00000e+00 -1.00000e+00 -1.00000e+00 -1.00000e+00]
 [ 1.92300e+03  1.94111e+03  1.95937e+03  1.97870e+03  1.99910e+03
   2.02059e+03  2.04384e+03  2.07016e+03  2.09983e+03  2.13314e+03
  -1.00000e+00 -1.00000e+00 -1.00000e+00 -1.00000e+00 -1.00000e+00
  -1.00000e+00 -1.00000e+00 -1.00000e+00 -1.00000e+00 -1.00000e+00
  -1.00000e+00 -1.00000e+00 -1.00000e+00 -1.00000e+00 -1.00000e+00]
 [ 1.89673e+03  1.91305e+03  1.93039e+03  1.94877e+03  1.96819e+03
   1.98933e+03  2.01349e+03  2.04096e+03  2.07204e+03  2.10669e+03
   2.14387e+03 -1.00000e+00 -1.00000e+00 -1.00000e+00 -1.00000e+00
  -1.00000e+00 -1.00000e+00 -1.00000e+00 -1.00000e+00 -1.00000e+00
  -1.00000e+00 -1.00000e+00 -1.00000e+00 -1.00000e+00 -1.00000e+00]
 [ 1.87116e+03  1.88663e+03  1.90308e+03  1.92053e+03  1.93965e+03
   1.96176e+03  1.98713e+03  2.01606e+03  2.04853e+03  2.08349e+03
   2.12108e+03  2.16144e+03 -1.00000e+00 -1.00000e+00 -1.00000e+00
  -1.00000e+00 -1.00000e+00 -1.00000e+00 -1.00000e+00 -1.00000e+00
  -1.00000e+00 -1.00000e+00 -1.00000e+00 -1.00000e+00 -1.00000e+00]
 [ 1.84717e+03  1.86179e+03  1.87737e+03  1.89458e+03  1.91473e+03
   1.93811e+03  1.96500e+03  1.99538e+03  2.02821e+03  2.06363e+03
   2.10178e+03  2.14282e+03 -1.00000e+00 -1.00000e+00 -1.00000e+00
  -1.00000e+00 -1.00000e+00 -1.00000e+00 -1.00000e+00 -1.00000e+00
  -1.00000e+00 -1.00000e+00 -1.00000e+00 -1.00000e+00 -1.00000e+00]
 [ 1.82468e+03  1.83849e+03  1.85389e+03  1.87218e+03  1.89366e+03
   1.91861e+03  1.94701e+03  1.97780e+03  2.01115e+03  2.04719e+03
   2.08569e+03  2.12673e+03 -1.00000e+00 -1.00000e+00 -1.00000e+00
  -1.00000e+00 -1.00000e+00 -1.00000e+00 -1.00000e+00 -1.00000e+00
  -1.00000e+00 -1.00000e+00 -1.00000e+00 -1.00000e+00 -1.00000e+00]
 [ 1.80366e+03  1.81734e+03  1.83387e+03  1.85355e+03  1.87666e+03
   1.90317e+03  1.93204e+03  1.96342e+03  1.99708e+03  2.03312e+03
   2.07162e+03  2.11267e+03  2.16223e+03 -1.00000e+00 -1.00000e+00
  -1.00000e+00 -1.00000e+00 -1.00000e+00 -1.00000e+00 -1.00000e+00
  -1.00000e+00 -1.00000e+00 -1.00000e+00 -1.00000e+00 -1.00000e+00]
 [ 1.78470e+03  1.79958e+03  1.81756e+03  1.83892e+03  1.86365e+03
   1.89069e+03  1.91986e+03  1.95123e+03  1.98490e+03  2.02094e+03
   2.05944e+03  2.10048e+03  2.14415e+03 -1.00000e+00 -1.00000e+00
  -1.00000e+00 -1.00000e+00 -1.00000e+00 -1.00000e+00 -1.00000e+00
  -1.00000e+00 -1.00000e+00 -1.00000e+00 -1.00000e+00 -1.00000e+00]
 [ 1.76907e+03  1.78544e+03  1.80516e+03  1.82820e+03  1.85320e+03
   1.88025e+03  1.90941e+03  1.94079e+03  1.97445e+03  2.01050e+03
   2.04900e+03  2.09004e+03  2.13370e+03 -1.00000e+00 -1.00000e+00
  -1.00000e+00 -1.00000e+00 -1.00000e+00 -1.00000e+00 -1.00000e+00
  -1.00000e+00 -1.00000e+00 -1.00000e+00 -1.00000e+00 -1.00000e+00]
 [ 1.75698e+03  1.77516e+03  1.79592e+03  1.81896e+03  1.84396e+03
   1.87101e+03  1.90017e+03  1.93155e+03  1.96521e+03  2.00126e+03
   2.03976e+03  2.08080e+03  2.12446e+03 -1.00000e+00 -1.00000e+00
  -1.00000e+00 -1.00000e+00 -1.00000e+00 -1.00000e+00 -1.00000e+00
  -1.00000e+00 -1.00000e+00 -1.00000e+00 -1.00000e+00 -1.00000e+00]
 [ 1.74776e+03  1.76599e+03  1.78641e+03  1.80945e+03  1.83442e+03
   1.86146e+03  1.89062e+03  1.92200e+03  1.95567e+03  1.99171e+03
   2.03021e+03  2.07125e+03  2.11492e+03 -1.00000e+00 -1.00000e+00
  -1.00000e+00 -1.00000e+00 -1.00000e+00 -1.00000e+00 -1.00000e+00
  -1.00000e+00 -1.00000e+00 -1.00000e+00 -1.00000e+00 -1.00000e+00]
 [ 1.73859e+03  1.75648e+03  1.77687e+03  1.79906e+03  1.82389e+03
   1.85094e+03  1.88010e+03  1.91148e+03  1.94514e+03  1.98119e+03
   2.01969e+03  2.06073e+03  2.10439e+03 -1.00000e+00 -1.00000e+00
  -1.00000e+00 -1.00000e+00 -1.00000e+00 -1.00000e+00 -1.00000e+00
  -1.00000e+00 -1.00000e+00 -1.00000e+00 -1.00000e+00 -1.00000e+00]
 [ 1.72908e+03  1.74694e+03  1.76648e+03  1.78854e+03  1.81347e+03
   1.84051e+03  1.86968e+03  1.90106e+03  1.93472e+03  1.97076e+03
   2.00926e+03  2.05031e+03  2.09397e+03 -1.00000e+00 -1.00000e+00
  -1.00000e+00 -1.00000e+00 -1.00000e+00 -1.00000e+00 -1.00000e+00
  -1.00000e+00 -1.00000e+00 -1.00000e+00 -1.00000e+00 -1.00000e+00]
 [ 1.71954e+03  1.73654e+03  1.75595e+03  1.77812e+03  1.80293e+03
   1.82997e+03  1.85913e+03  1.89051e+03  1.92418e+03  1.96022e+03
   1.99872e+03  2.03976e+03  2.08343e+03 -1.00000e+00 -1.00000e+00
  -1.00000e+00 -1.00000e+00 -1.00000e+00 -1.00000e+00 -1.00000e+00
  -1.00000e+00 -1.00000e+00 -1.00000e+00 -1.00000e+00 -1.00000e+00]
 [ 1.70914e+03  1.72602e+03  1.74553e+03  1.76757e+03  1.79236e+03
   1.81940e+03  1.84857e+03  1.87994e+03  1.91361e+03  1.94965e+03
   1.98815e+03  2.02919e+03  2.07286e+03 -1.00000e+00 -1.00000e+00
  -1.00000e+00 -1.00000e+00 -1.00000e+00 -1.00000e+00 -1.00000e+00
  -1.00000e+00 -1.00000e+00 -1.00000e+00 -1.00000e+00 -1.00000e+00]
 [ 1.69862e+03  1.71560e+03  1.73499e+03  1.75700e+03  1.78189e+03
   1.80893e+03  1.83810e+03  1.86947e+03  1.90314e+03  1.93918e+03
   1.97768e+03  2.01872e+03  2.06239e+03 -1.00000e+00 -1.00000e+00
  -1.00000e+00 -1.00000e+00 -1.00000e+00 -1.00000e+00 -1.00000e+00
  -1.00000e+00 -1.00000e+00 -1.00000e+00 -1.00000e+00 -1.00000e+00]
 [ 1.68820e+03  1.70505e+03  1.72442e+03  1.74653e+03  1.77130e+03
   1.79834e+03  1.82751e+03  1.85888e+03  1.89255e+03  1.92859e+03
   1.96709e+03  2.00813e+03  2.05180e+03 -1.00000e+00 -1.00000e+00
  -1.00000e+00 -1.00000e+00 -1.00000e+00 -1.00000e+00 -1.00000e+00
  -1.00000e+00 -1.00000e+00 -1.00000e+00 -1.00000e+00 -1.00000e+00]
 [ 1.67765e+03  1.69448e+03  1.71395e+03  1.73594e+03  1.76055e+03
   1.78718e+03  1.81592e+03  1.84686e+03  1.88007e+03  1.91563e+03
   1.95364e+03  1.99418e+03  2.03732e+03 -1.00000e+00 -1.00000e+00
  -1.00000e+00 -1.00000e+00 -1.00000e+00 -1.00000e+00 -1.00000e+00
  -1.00000e+00 -1.00000e+00 -1.00000e+00 -1.00000e+00 -1.00000e+00]
 [ 1.66757e+03  1.68452e+03  1.70389e+03  1.72576e+03  1.75023e+03
   1.77727e+03  1.80644e+03  1.83781e+03  1.87148e+03  1.90752e+03
   1.94602e+03  1.98706e+03  2.03073e+03 -1.00000e+00 -1.00000e+00
  -1.00000e+00 -1.00000e+00 -1.00000e+00 -1.00000e+00 -1.00000e+00
  -1.00000e+00 -1.00000e+00 -1.00000e+00 -1.00000e+00 -1.00000e+00]
 [ 1.65712e+03  1.67395e+03  1.69317e+03  1.71487e+03  1.73916e+03
   1.76579e+03  1.79453e+03  1.82546e+03  1.85867e+03  1.89424e+03
   1.93225e+03  1.97278e+03  2.01593e+03 -1.00000e+00 -1.00000e+00
  -1.00000e+00 -1.00000e+00 -1.00000e+00 -1.00000e+00 -1.00000e+00
  -1.00000e+00 -1.00000e+00 -1.00000e+00 -1.00000e+00 -1.00000e+00]
 [ 1.64704e+03  1.66375e+03  1.68282e+03  1.70436e+03  1.72845e+03
   1.75530e+03  1.78447e+03  1.81584e+03  1.84951e+03  1.88555e+03
   1.92405e+03  1.96509e+03  2.00876e+03 -1.00000e+00 -1.00000e+00
  -1.00000e+00 -1.00000e+00 -1.00000e+00 -1.00000e+00 -1.00000e+00
  -1.00000e+00 -1.00000e+00 -1.00000e+00 -1.00000e+00 -1.00000e+00]
 [ 1.63635e+03  1.65289e+03  1.67177e+03  1.69309e+03  1.71706e+03
   1.74369e+03  1.77244e+03  1.80337e+03  1.83658e+03  1.87214e+03
   1.91015e+03  1.95069e+03  1.99383e+03 -1.00000e+00 -1.00000e+00
  -1.00000e+00 -1.00000e+00 -1.00000e+00 -1.00000e+00 -1.00000e+00
  -1.00000e+00 -1.00000e+00 -1.00000e+00 -1.00000e+00 -1.00000e+00]
 [ 1.62597e+03  1.64234e+03  1.66104e+03  1.68226e+03  1.70613e+03
   1.73277e+03  1.76151e+03  1.79244e+03  1.82565e+03  1.86122e+03
   1.89923e+03  1.93976e+03  1.98290e+03 -1.00000e+00 -1.00000e+00
  -1.00000e+00 -1.00000e+00 -1.00000e+00 -1.00000e+00 -1.00000e+00
  -1.00000e+00 -1.00000e+00 -1.00000e+00 -1.00000e+00 -1.00000e+00]]

F MATRIX:
[[ 1.93399e+03  1.96935e+03  2.00670e+03  2.04610e+03  2.08709e+03
   2.12971e+03  2.16657e+03 -1.00000e+00 -1.00000e+00 -1.00000e+00
  -1.00000e+00 -1.00000e+00 -1.00000e+00 -1.00000e+00 -1.00000e+00
  -1.00000e+00 -1.00000e+00 -1.00000e+00 -1.00000e+00 -1.00000e+00
  -1.00000e+00 -1.00000e+00 -1.00000e+00 -1.00000e+00 -1.00000e+00]
 [ 1.93538e+03  1.96928e+03  2.00511e+03  2.04247e+03  2.07986e+03
   2.10289e+03  2.12714e+03  2.15262e+03 -1.00000e+00 -1.00000e+00
  -1.00000e+00 -1.00000e+00 -1.00000e+00 -1.00000e+00 -1.00000e+00
  -1.00000e+00 -1.00000e+00 -1.00000e+00 -1.00000e+00 -1.00000e+00
  -1.00000e+00 -1.00000e+00 -1.00000e+00 -1.00000e+00 -1.00000e+00]
 [ 1.93665e+03  1.96910e+03  2.00299e+03  2.02381e+03  2.04458e+03
   2.06651e+03  2.08962e+03  2.11460e+03  2.14276e+03  2.17440e+03
  -1.00000e+00 -1.00000e+00 -1.00000e+00 -1.00000e+00 -1.00000e+00
  -1.00000e+00 -1.00000e+00 -1.00000e+00 -1.00000e+00 -1.00000e+00
  -1.00000e+00 -1.00000e+00 -1.00000e+00 -1.00000e+00 -1.00000e+00]
 [ 1.93800e+03  1.95532e+03  1.97282e+03  1.99143e+03  2.01114e+03
   2.03200e+03  2.05466e+03  2.08045e+03  2.10968e+03  2.14263e+03
  -1.00000e+00 -1.00000e+00 -1.00000e+00 -1.00000e+00 -1.00000e+00
  -1.00000e+00 -1.00000e+00 -1.00000e+00 -1.00000e+00 -1.00000e+00
  -1.00000e+00 -1.00000e+00 -1.00000e+00 -1.00000e+00 -1.00000e+00]
 [ 1.91115e+03  1.92665e+03  1.94320e+03  1.96081e+03  1.97951e+03
   1.99996e+03  2.02349e+03  2.05040e+03  2.08098e+03  2.11523e+03
   2.15212e+03 -1.00000e+00 -1.00000e+00 -1.00000e+00 -1.00000e+00
  -1.00000e+00 -1.00000e+00 -1.00000e+00 -1.00000e+00 -1.00000e+00
  -1.00000e+00 -1.00000e+00 -1.00000e+00 -1.00000e+00 -1.00000e+00]
 [ 1.88506e+03  1.89966e+03  1.91528e+03  1.93193e+03  1.95028e+03
   1.97166e+03  1.99635e+03  2.02467e+03  2.05660e+03  2.09110e+03
   2.12836e+03  2.16852e+03 -1.00000e+00 -1.00000e+00 -1.00000e+00
  -1.00000e+00 -1.00000e+00 -1.00000e+00 -1.00000e+00 -1.00000e+00
  -1.00000e+00 -1.00000e+00 -1.00000e+00 -1.00000e+00 -1.00000e+00]
 [ 1.86058e+03  1.87432e+03  1.88903e+03  1.90540e+03  1.92473e+03
   1.94733e+03  1.97348e+03  2.00319e+03  2.03542e+03  2.07034e+03
   2.10811e+03  2.14891e+03 -1.00000e+00 -1.00000e+00 -1.00000e+00
  -1.00000e+00 -1.00000e+00 -1.00000e+00 -1.00000e+00 -1.00000e+00
  -1.00000e+00 -1.00000e+00 -1.00000e+00 -1.00000e+00 -1.00000e+00]
 [ 1.83768e+03  1.85057e+03  1.86507e+03  1.88248e+03  1.90309e+03
   1.92721e+03  1.95482e+03  1.98488e+03  2.01755e+03  2.05302e+03
   2.09108e+03  2.13183e+03 -1.00000e+00 -1.00000e+00 -1.00000e+00
  -1.00000e+00 -1.00000e+00 -1.00000e+00 -1.00000e+00 -1.00000e+00
  -1.00000e+00 -1.00000e+00 -1.00000e+00 -1.00000e+00 -1.00000e+00]
 [ 1.81630e+03  1.82904e+03  1.84464e+03  1.86340e+03  1.88560e+03
   1.91123e+03  1.93925e+03  1.96982e+03  2.00274e+03  2.03812e+03
   2.07610e+03  2.11679e+03  2.16623e+03 -1.00000e+00 -1.00000e+00
  -1.00000e+00 -1.00000e+00 -1.00000e+00 -1.00000e+00 -1.00000e+00
  -1.00000e+00 -1.00000e+00 -1.00000e+00 -1.00000e+00 -1.00000e+00]
 [ 1.79707e+03  1.81098e+03  1.82800e+03  1.84841e+03  1.87219e+03
   1.89830e+03  1.92656e+03  1.95706e+03  1.98990e+03  2.02518e+03
   2.06304e+03  2.10364e+03  2.14715e+03 -1.00000e+00 -1.00000e+00
  -1.00000e+00 -1.00000e+00 -1.00000e+00 -1.00000e+00 -1.00000e+00
  -1.00000e+00 -1.00000e+00 -1.00000e+00 -1.00000e+00 -1.00000e+00]
 [ 1.78123e+03  1.79662e+03  1.81536e+03  1.83742e+03  1.86145e+03
   1.88753e+03  1.91574e+03  1.94617e+03  1.97893e+03  2.01410e+03
   2.05182e+03  2.09227e+03  2.13570e+03 -1.00000e+00 -1.00000e+00
  -1.00000e+00 -1.00000e+00 -1.00000e+00 -1.00000e+00 -1.00000e+00
  -1.00000e+00 -1.00000e+00 -1.00000e+00 -1.00000e+00 -1.00000e+00]
 [ 1.76902e+03  1.78620e+03  1.80597e+03  1.82802e+03  1.85203e+03
   1.87808e+03  1.90626e+03  1.93665e+03  1.96934e+03  2.00442e+03
   2.04199e+03  2.08221e+03  2.12546e+03 -1.00000e+00 -1.00000e+00
  -1.00000e+00 -1.00000e+00 -1.00000e+00 -1.00000e+00 -1.00000e+00
  -1.00000e+00 -1.00000e+00 -1.00000e+00 -1.00000e+00 -1.00000e+00]
 [ 1.75976e+03  1.77699e+03  1.79641e+03  1.81845e+03  1.84242e+03
   1.86846e+03  1.89662e+03  1.92700e+03  1.95967e+03  1.99471e+03
   2.03221e+03  2.07225e+03  2.11492e+03 -1.00000e+00 -1.00000e+00
  -1.00000e+00 -1.00000e+00 -1.00000e+00 -1.00000e+00 -1.00000e+00
  -1.00000e+00 -1.00000e+00 -1.00000e+00 -1.00000e+00 -1.00000e+00]
 [ 1.75063e+03  1.76752e+03  1.78692e+03  1.80812e+03  1.83196e+03
   1.85801e+03  1.88618e+03  1.91658e+03  1.94927e+03  1.98435e+03
   2.02192e+03  2.06214e+03  2.10539e+03 -1.00000e+00 -1.00000e+00
  -1.00000e+00 -1.00000e+00 -1.00000e+00 -1.00000e+00 -1.00000e+00
  -1.00000e+00 -1.00000e+00 -1.00000e+00 -1.00000e+00 -1.00000e+00]
 [ 1.74124e+03  1.75812e+03  1.77667e+03  1.79776e+03  1.82172e+03
   1.84779e+03  1.87601e+03  1.90644e+03  1.93919e+03  1.97437e+03
   2.01209e+03  2.05254e+03  2.09597e+03 -1.00000e+00 -1.00000e+00
  -1.00000e+00 -1.00000e+00 -1.00000e+00 -1.00000e+00 -1.00000e+00
  -1.00000e+00 -1.00000e+00 -1.00000e+00 -1.00000e+00 -1.00000e+00]
 [ 1.73191e+03  1.74794e+03  1.76639e+03  1.78760e+03  1.81147e+03
   1.83758e+03  1.86584e+03  1.89634e+03  1.92918e+03  1.96446e+03
   2.00232e+03  2.04292e+03  2.08643e+03 -1.00000e+00 -1.00000e+00
  -1.00000e+00 -1.00000e+00 -1.00000e+00 -1.00000e+00 -1.00000e+00
  -1.00000e+00 -1.00000e+00 -1.00000e+00 -1.00000e+00 -1.00000e+00]
 [ 1.72179e+03  1.73772e+03  1.75630e+03  1.77742e+03  1.80130e+03
   1.82746e+03  1.85578e+03  1.88634e+03  1.91926e+03  1.95465e+03
   1.99262e+03  2.03331e+03  2.07686e+03 -1.00000e+00 -1.00000e+00
  -1.00000e+00 -1.00000e+00 -1.00000e+00 -1.00000e+00 -1.00000e+00
  -1.00000e+00 -1.00000e+00 -1.00000e+00 -1.00000e+00 -1.00000e+00]
 [ 1.71162e+03  1.72768e+03  1.74617e+03  1.76730e+03  1.79132e+03
   1.81753e+03  1.84591e+03  1.87654e+03  1.90954e+03  1.94501e+03
   1.98307e+03  2.02382e+03  2.06739e+03 -1.00000e+00 -1.00000e+00
  -1.00000e+00 -1.00000e+00 -1.00000e+00 -1.00000e+00 -1.00000e+00
  -1.00000e+00 -1.00000e+00 -1.00000e+00 -1.00000e+00 -1.00000e+00]
 [ 1.70161e+03  1.71758e+03  1.73608e+03  1.75735e+03  1.78130e+03
   1.80756e+03  1.83599e+03  1.86669e+03  1.89976e+03  1.93530e+03
   1.97341e+03  2.01421e+03  2.05780e+03 -1.00000e+00 -1.00000e+00
  -1.00000e+00 -1.00000e+00 -1.00000e+00 -1.00000e+00 -1.00000e+00
  -1.00000e+00 -1.00000e+00 -1.00000e+00 -1.00000e+00 -1.00000e+00]
 [ 1.69154e+03  1.70752e+03  1.72616e+03  1.74734e+03  1.77118e+03
   1.79708e+03  1.82514e+03  1.85546e+03  1.88813e+03  1.92325e+03
   1.96092e+03  2.00125e+03  2.04432e+03 -1.00000e+00 -1.00000e+00
  -1.00000e+00 -1.00000e+00 -1.00000e+00 -1.00000e+00 -1.00000e+00
  -1.00000e+00 -1.00000e+00 -1.00000e+00 -1.00000e+00 -1.00000e+00]
 [ 1.68199e+03  1.69812e+03  1.71669e+03  1.73780e+03  1.76154e+03
   1.78790e+03  1.81644e+03  1.84725e+03  1.88042e+03  1.91607e+03
   1.95427e+03  1.99513e+03  2.03873e+03 -1.00000e+00 -1.00000e+00
  -1.00000e+00 -1.00000e+00 -1.00000e+00 -1.00000e+00 -1.00000e+00
  -1.00000e+00 -1.00000e+00 -1.00000e+00 -1.00000e+00 -1.00000e+00]
 [ 1.67212e+03  1.68817e+03  1.70663e+03  1.72760e+03  1.75120e+03
   1.77719e+03  1.80535e+03  1.83576e+03  1.86852e+03  1.90373e+03
   1.94147e+03  1.98184e+03  2.02493e+03 -1.00000e+00 -1.00000e+00
  -1.00000e+00 -1.00000e+00 -1.00000e+00 -1.00000e+00 -1.00000e+00
  -1.00000e+00 -1.00000e+00 -1.00000e+00 -1.00000e+00 -1.00000e+00]
 [ 1.66266e+03  1.67861e+03  1.69696e+03  1.71781e+03  1.74125e+03
   1.76751e+03  1.79613e+03  1.82702e+03  1.86028e+03  1.89599e+03
   1.93425e+03  1.97514e+03  2.01876e+03 -1.00000e+00 -1.00000e+00
  -1.00000e+00 -1.00000e+00 -1.00000e+00 -1.00000e+00 -1.00000e+00
  -1.00000e+00 -1.00000e+00 -1.00000e+00 -1.00000e+00 -1.00000e+00]
 [ 1.65262e+03  1.66844e+03  1.68664e+03  1.70731e+03  1.73066e+03
   1.75673e+03  1.78497e+03  1.81545e+03  1.84828e+03  1.88355e+03
   1.92133e+03  1.96173e+03  2.00483e+03 -1.00000e+00 -1.00000e+00
  -1.00000e+00 -1.00000e+00 -1.00000e+00 -1.00000e+00 -1.00000e+00
  -1.00000e+00 -1.00000e+00 -1.00000e+00 -1.00000e+00 -1.00000e+00]
 [ 1.64294e+03  1.65862e+03  1.67666e+03  1.69726e+03  1.72055e+03
   1.74666e+03  1.77492e+03  1.80544e+03  1.83830e+03  1.87359e+03
   1.91139e+03  1.95180e+03  1.99490e+03 -1.00000e+00 -1.00000e+00
  -1.00000e+00 -1.00000e+00 -1.00000e+00 -1.00000e+00 -1.00000e+00
  -1.00000e+00 -1.00000e+00 -1.00000e+00 -1.00000e+00 -1.00000e+00]]

CLOSED:
[[1 1 1 1 1 0 0 0 0 0 0 0 0 0 0 0 0 0 0 0 0 0 0 0 0]
 [1 1 1 1 1 1 0 0 0 0 0 0 0 0 0 0 0 0 0 0 0 0 0 0 0]
 [1 1 1 1 1 1 1 1 0 0 0 0 0 0 0 0 0 0 0 0 0 0 0 0 0]
 [1 1 1 1 1 1 1 1 1 0 0 0 0 0 0 0 0 0 0 0 0 0 0 0 0]
 [1 1 1 1 1 1 1 1 1 0 0 0 0 0 0 0 0 0 0 0 0 0 0 0 0]
 [1 1 1 1 1 1 1 1 1 1 0 0 0 0 0 0 0 0 0 0 0 0 0 0 0]
 [1 1 1 1 1 1 1 1 1 1 1 0 0 0 0 0 0 0 0 0 0 0 0 0 0]
 [1 1 1 1 1 1 1 1 1 1 1 0 0 0 0 0 0 0 0 0 0 0 0 0 0]
 [1 1 1 1 1 1 1 1 1 1 1 0 0 0 0 0 0 0 0 0 0 0 0 0 0]
 [1 1 1 1 1 1 1 1 1 1 1 1 0 0 0 0 0 0 0 0 0 0 0 0 0]
 [1 1 1 1 1 1 1 1 1 1 1 1 0 0 0 0 0 0 0 0 0 0 0 0 0]
 [1 1 1 1 1 1 1 1 1 1 1 1 0 0 0 0 0 0 0 0 0 0 0 0 0]
 [1 1 1 1 1 1 1 1 1 1 1 1 1 0 0 0 0 0 0 0 0 0 0 0 0]
 [1 1 1 1 1 1 1 1 1 1 1 1 1 0 0 0 0 0 0 0 0 0 0 0 0]
 [1 1 1 1 1 1 1 1 1 1 1 1 1 0 0 0 0 0 0 0 0 0 0 0 0]
 [1 1 1 1 1 1 1 1 1 1 1 1 1 0 0 0 0 0 0 0 0 0 0 0 0]
 [1 1 1 1 1 1 1 1 1 1 1 1 1 0 0 0 0 0 0 0 0 0 0 0 0]
 [1 1 1 1 1 1 1 1 1 1 1 1 1 0 0 0 0 0 0 0 0 0 0 0 0]
 [1 1 1 1 1 1 1 1 1 1 1 1 1 0 0 0 0 0 0 0 0 0 0 0 0]
 [1 1 1 1 1 1 1 1 1 1 1 1 1 0 0 0 0 0 0 0 0 0 0 0 0]
 [1 1 1 1 1 1 1 1 1 1 1 1 1 0 0 0 0 0 0 0 0 0 0 0 0]
 [1 1 1 1 1 1 1 1 1 1 1 1 1 0 0 0 0 0 0 0 0 0 0 0 0]
 [1 1 1 1 1 1 1 1 1 1 1 1 1 0 0 0 0 0 0 0 0 0 0 0 0]
 [1 1 1 1 1 1 1 1 1 1 1 1 1 0 0 0 0 0 0 0 0 0 0 0 0]
 [1 1 1 1 1 1 1 1 1 1 1 1 1 0 0 0 0 0 0 0 0 0 0 0 0]]

PATH:
[[0 0 0 0 0 0 0 0 0 0 0 0 0 0 0 0 0 0 0 0 0 0 0 0 0]
 [0 0 0 0 0 0 0 0 0 0 0 0 0 0 0 0 0 0 0 0 0 0 0 0 0]
 [0 0 0 0 0 0 0 0 0 0 0 0 0 0 0 0 0 0 0 0 0 0 0 0 0]
 [0 0 0 0 0 0 0 0 0 0 0 0 0 0 0 0 0 0 0 0 0 0 0 0 0]
 [0 0 0 0 0 0 0 0 0 0 0 0 0 0 0 0 0 0 0 0 0 0 0 0 0]
 [0 0 0 0 0 0 0 0 0 0 0 0 0 0 0 0 0 0 0 0 0 0 0 0 0]
 [0 0 0 0 0 0 0 0 0 0 0 0 0 0 0 0 0 0 0 0 0 0 0 0 0]
 [0 0 0 0 0 0 0 0 0 0 0 0 0 0 0 0 0 0 0 0 0 0 0 0 0]
 [0 0 0 0 0 0 0 0 0 0 0 0 0 0 0 0 0 0 0 0 0 0 0 0 0]
 [0 0 0 0 0 0 0 0 0 0 0 0 0 0 0 0 0 0 0 0 0 0 0 0 0]
 [0 0 0 0 0 0 0 0 0 0 0 0 0 0 0 0 0 0 0 0 0 0 0 0 0]
 [0 0 0 0 0 0 0 0 0 0 0 0 0 0 0 0 0 0 0 0 0 0 0 0 0]
 [0 0 0 0 1 1 1 1 1 1 1 1 1 0 0 0 0 0 0 0 0 0 0 0 0]
 [0 0 0 1 0 0 0 0 0 0 0 0 0 0 0 0 0 0 0 0 0 0 0 0 0]
 [0 0 1 0 0 0 0 0 0 0 0 0 0 0 0 0 0 0 0 0 0 0 0 0 0]
 [0 1 0 0 0 0 0 0 0 0 0 0 0 0 0 0 0 0 0 0 0 0 0 0 0]
 [1 0 0 0 0 0 0 0 0 0 0 0 0 0 0 0 0 0 0 0 0 0 0 0 0]
 [0 0 0 0 0 0 0 0 0 0 0 0 0 0 0 0 0 0 0 0 0 0 0 0 0]
 [0 0 0 0 0 0 0 0 0 0 0 0 0 0 0 0 0 0 0 0 0 0 0 0 0]
 [0 0 0 0 0 0 0 0 0 0 0 0 0 0 0 0 0 0 0 0 0 0 0 0 0]
 [0 0 0 0 0 0 0 0 0 0 0 0 0 0 0 0 0 0 0 0 0 0 0 0 0]
 [0 0 0 0 0 0 0 0 0 0 0 0 0 0 0 0 0 0 0 0 0 0 0 0 0]
 [0 0 0 0 0 0 0 0 0 0 0 0 0 0 0 0 0 0 0 0 0 0 0 0 0]
 [0 0 0 0 0 0 0 0 0 0 0 0 0 0 0 0 0 0 0 0 0 0 0 0 0]
 [0 0 0 0 0 0 0 0 0 0 0 0 0 0 0 0 0 0 0 0 0 0 0 0 0]]

===== CROP AROUND WHOLE PATH =====
x=49:447, y=52:307

PATH MATRIX:
[[0 0 0 ... 0 0 0]
 [0 0 0 ... 0 0 0]
 [0 0 0 ... 0 0 0]
 ...
 [0 0 0 ... 0 0 0]
 [0 0 0 ... 0 0 0]
 [0 0 0 ... 0 0 0]]

COST MATRIX:
[[0.04 0.03 0.03 ... 0.02 0.02 0.02]
 [0.04 0.03 0.03 ... 0.01 0.01 0.01]
 [0.04 0.03 0.03 ... 0.01 0.01 0.01]
 ...
 [0.06 0.05 0.05 ... 1.   1.   1.  ]
 [0.06 0.05 0.05 ... 1.   1.   1.  ]
 [0.06 0.05 0.05 ... 1.   1.   1.  ]]

CLOSED MATRIX:
[[1 1 1 ... 1 1 1]
 [1 1 1 ... 1 1 1]
 [1 1 1 ... 1 1 1]
 ...
 [1 1 1 ... 0 0 0]
 [1 1 1 ... 0 0 0]
 [1 1 1 ... 0 0 0]]
