BINARY MATRIX PREVIEW
0 = free, 1 = obstacle/unknown

[[1 1 1 1 1 1 1 1 1 1 1 1 1 1 1 1 1 1 1 1 1 0 0 0 0 0 0 0 0 0]
 [1 0 0 0 0 0 0 0 0 0 0 0 0 0 0 0 0 0 0 0 0 0 0 0 0 0 0 0 0 0]
 [1 0 0 0 0 0 0 0 0 0 0 0 0 0 0 0 0 0 0 0 0 0 0 0 0 0 0 0 0 0]
 [1 0 0 0 0 0 0 0 0 0 0 0 0 0 0 0 0 0 0 0 0 0 0 0 0 0 0 0 0 0]
 [1 0 0 0 0 0 0 0 0 0 0 0 0 0 0 0 0 0 0 0 0 0 0 0 0 0 0 0 0 0]
 [1 0 0 0 0 0 0 0 0 0 0 0 0 0 0 0 0 0 0 0 0 0 0 0 0 0 0 0 0 0]
 [1 0 0 0 0 0 1 0 0 0 0 0 0 0 0 0 0 0 0 0 0 0 0 0 0 0 0 0 0 0]
 [1 0 0 0 0 0 1 0 0 0 0 0 0 0 0 0 0 0 0 0 0 0 0 0 0 0 0 0 0 0]
 [1 0 0 0 0 0 1 0 0 0 0 1 0 0 0 0 0 0 0 0 0 0 0 0 0 0 0 0 0 0]
 [1 0 0 0 0 0 1 0 0 0 0 1 0 0 0 0 0 0 0 0 0 0 0 0 0 0 0 0 0 0]
 [1 0 0 0 0 0 1 0 0 0 0 1 0 0 0 0 0 0 0 0 0 0 0 0 0 0 0 0 0 0]
 [1 0 0 0 0 0 1 0 0 0 0 1 0 0 0 0 0 0 0 0 0 0 0 0 0 0 0 0 0 0]
 [1 0 0 0 0 0 1 0 0 0 0 1 0 0 0 0 0 0 0 0 0 0 0 0 0 0 0 0 0 0]
 [1 0 0 0 0 0 0 0 0 0 0 1 0 0 0 0 0 0 0 0 0 0 0 0 0 0 0 0 0 0]
 [1 0 0 0 0 0 0 0 0 0 0 1 0 0 0 0 0 0 0 0 0 0 0 0 0 0 0 0 0 0]
 [1 0 0 0 0 0 0 0 0 0 0 1 0 0 0 0 0 0 0 0 0 0 0 0 0 0 0 0 0 0]
 [1 0 0 0 0 0 0 0 0 0 0 0 0 0 0 0 0 0 0 0 0 0 0 0 0 0 0 0 0 0]
 [1 0 0 0 0 0 0 0 0 0 0 0 0 0 0 0 0 0 0 0 0 0 0 0 0 0 0 0 0 0]
 [1 0 0 0 0 0 0 0 0 0 0 0 0 0 0 0 0 0 0 0 0 0 0 0 0 0 0 0 0 0]
 [1 0 0 0 0 0 0 0 0 0 0 0 0 0 0 0 0 0 0 0 0 0 0 0 0 0 0 0 0 0]
 [1 0 0 0 0 0 0 0 0 0 0 0 0 0 0 0 0 0 0 0 0 0 0 0 0 0 0 0 0 0]
 [1 0 0 0 0 0 0 0 0 0 0 0 0 0 0 0 0 0 0 0 0 0 0 0 0 0 0 0 0 0]]

INFLATED MATRIX PREVIEW
0 = free, 1 = blocked after obstacle inflation

[[1 1 1 1 1 1 1 1 1 1 1 1 1 1 1 1 1 1 1 1 1 1 0 0 0 0 0 0 0 1]
 [1 0 0 0 0 0 0 0 0 0 0 0 0 0 0 0 0 0 0 0 0 0 0 0 0 0 0 0 0 1]
 [1 0 0 0 0 0 0 0 0 0 0 0 0 0 0 0 0 0 0 0 0 0 0 0 0 0 0 0 0 1]
 [1 0 0 0 0 0 0 0 0 0 0 0 0 0 0 0 0 0 0 0 0 0 0 0 0 0 0 0 0 1]
 [1 0 0 0 0 0 0 0 0 0 0 0 0 0 0 0 0 0 0 0 0 0 0 0 1 1 0 0 0 1]
 [1 0 0 0 0 0 0 0 0 0 0 0 0 0 0 0 0 0 0 0 0 0 0 0 1 1 0 0 0 1]
 [1 0 0 0 0 1 1 0 0 0 0 0 0 0 0 0 0 0 0 0 0 0 0 0 1 1 0 0 0 1]
 [1 0 0 0 0 1 1 0 0 1 1 1 1 1 1 1 1 1 1 1 1 0 0 0 1 1 0 0 0 1]
 [1 0 0 0 0 1 1 0 0 0 1 1 1 1 1 1 1 1 1 1 1 0 0 0 1 1 0 0 0 1]
 [1 0 0 0 0 1 1 0 0 0 1 1 0 0 0 0 0 0 0 0 0 0 0 0 1 1 0 0 0 1]
 [1 0 0 0 0 1 1 0 0 0 1 1 0 0 0 0 0 0 0 0 0 0 0 0 1 1 0 0 0 1]
 [1 0 0 0 0 1 1 0 0 0 1 1 0 0 0 0 0 0 0 0 0 0 0 0 1 1 0 0 0 1]
 [1 0 0 0 0 1 1 0 0 0 1 1 0 0 0 0 0 0 0 0 0 0 0 0 1 1 0 0 0 1]
 [1 0 0 0 0 0 0 0 0 0 1 1 0 0 0 0 0 0 0 0 0 0 0 0 0 0 0 0 0 1]
 [1 0 0 0 0 0 0 0 0 0 1 1 0 0 0 0 0 0 0 0 0 0 0 0 0 0 0 0 0 1]
 [1 0 0 0 0 0 0 0 0 0 1 1 0 0 0 0 0 0 0 0 0 0 0 0 0 0 0 0 0 1]
 [1 0 0 0 0 0 0 0 0 0 1 1 0 0 0 0 1 1 1 1 1 1 1 1 1 1 1 0 0 1]
 [1 0 0 0 0 0 0 0 0 0 0 0 0 0 0 0 1 1 1 1 1 1 1 1 1 1 1 0 0 1]
 [1 0 0 0 0 0 0 0 0 0 0 0 0 0 0 0 0 0 0 0 0 0 0 0 0 0 0 0 0 1]
 [1 0 0 0 0 0 0 0 0 0 0 0 0 0 0 0 0 0 0 0 0 0 0 0 0 0 0 0 0 1]
 [1 0 0 0 0 0 0 0 0 0 0 0 0 0 0 0 0 0 0 0 0 0 0 0 0 0 0 0 0 0]
 [1 1 1 1 1 1 1 1 1 1 1 1 1 1 1 1 1 1 1 1 1 1 1 1 1 1 1 1 1 1]]

COST MATRIX PREVIEW
0.00 = safest, 1.00 = highest cost / obstacle area

[[1.   1.   1.   1.   1.   1.   1.   1.   1.   1.   1.   1.   1.   1.
  1.   1.   1.   1.   1.   1.   1.   1.   0.52 0.02 0.   0.   0.   0.
  0.18 1.  ]
 [1.   0.52 0.5  0.5  0.5  0.5  0.5  0.5  0.5  0.5  0.5  0.5  0.5  0.5
  0.5  0.5  0.5  0.5  0.5  0.5  0.5  0.5  0.32 0.   0.   0.   0.   0.
  0.18 1.  ]
 [1.   0.52 0.02 0.   0.   0.   0.   0.   0.   0.   0.   0.   0.   0.
  0.   0.   0.   0.   0.   0.   0.   0.   0.   0.   0.   0.   0.   0.
  0.18 1.  ]
 [1.   0.52 0.02 0.   0.   0.   0.   0.   0.   0.   0.   0.   0.   0.
  0.   0.   0.   0.   0.   0.   0.   0.   0.   0.   0.28 0.31 0.12 0.
  0.18 1.  ]
 [1.   0.52 0.02 0.   0.   0.   0.02 0.   0.   0.   0.   0.   0.   0.
  0.   0.   0.   0.   0.   0.   0.   0.   0.   0.22 1.   1.   0.39 0.
  0.18 1.  ]
 [1.   0.52 0.02 0.   0.04 0.41 0.52 0.32 0.   0.   0.   0.   0.   0.
  0.   0.   0.   0.   0.   0.   0.   0.   0.   0.25 1.   1.   0.43 0.
  0.18 1.  ]
 [1.   0.52 0.02 0.   0.18 1.   1.   0.52 0.02 0.31 0.47 0.45 0.45 0.45
  0.45 0.45 0.45 0.45 0.45 0.45 0.44 0.21 0.   0.25 1.   1.   0.43 0.
  0.18 1.  ]
 [1.   0.52 0.02 0.   0.18 1.   1.   0.52 0.07 1.   1.   1.   1.   1.
  1.   1.   1.   1.   1.   1.   1.   0.42 0.   0.25 1.   1.   0.43 0.
  0.18 1.  ]
 [1.   0.52 0.02 0.   0.18 1.   1.   0.52 0.02 0.5  1.   1.   1.   1.
  1.   1.   1.   1.   1.   1.   1.   0.37 0.   0.25 1.   1.   0.43 0.
  0.18 1.  ]
 [1.   0.52 0.02 0.   0.18 1.   1.   0.52 0.02 0.18 1.   1.   0.52 0.22
  0.22 0.22 0.22 0.22 0.22 0.22 0.21 0.04 0.   0.25 1.   1.   0.43 0.
  0.18 1.  ]
 [1.   0.52 0.02 0.   0.18 1.   1.   0.52 0.02 0.18 1.   1.   0.5  0.
  0.   0.   0.   0.   0.   0.   0.   0.   0.   0.25 1.   1.   0.43 0.
  0.18 1.  ]
 [1.   0.52 0.02 0.   0.18 1.   1.   0.52 0.02 0.18 1.   1.   0.5  0.
  0.   0.   0.   0.   0.   0.   0.   0.   0.   0.25 1.   1.   0.43 0.
  0.18 1.  ]
 [1.   0.52 0.02 0.   0.18 1.   1.   0.52 0.02 0.18 1.   1.   0.52 0.02
  0.   0.   0.   0.   0.   0.   0.   0.   0.   0.19 1.   1.   0.35 0.
  0.18 1.  ]
 [1.   0.52 0.02 0.   0.04 0.41 0.5  0.3  0.   0.18 1.   1.   0.52 0.02
  0.   0.   0.   0.   0.   0.   0.   0.   0.   0.   0.15 0.16 0.   0.
  0.18 1.  ]
 [1.   0.52 0.02 0.   0.   0.   0.   0.   0.   0.18 1.   1.   0.52 0.02
  0.   0.   0.   0.   0.   0.   0.   0.   0.   0.   0.   0.   0.   0.
  0.18 1.  ]
 [1.   0.52 0.02 0.   0.   0.   0.   0.   0.   0.18 1.   1.   0.52 0.02
  0.   0.06 0.2  0.2  0.2  0.2  0.2  0.2  0.2  0.2  0.2  0.2  0.2  0.06
  0.18 1.  ]
 [1.   0.52 0.02 0.   0.   0.   0.   0.   0.   0.12 1.   1.   0.47 0.
  0.   0.42 1.   1.   1.   1.   1.   1.   1.   1.   1.   1.   1.   0.42
  0.18 1.  ]
 [1.   0.52 0.02 0.   0.   0.   0.   0.   0.   0.   0.18 0.25 0.12 0.
  0.   0.5  1.   1.   1.   1.   1.   1.   1.   1.   1.   1.   1.   0.5
  0.18 1.  ]
 [1.   0.52 0.02 0.   0.   0.   0.   0.   0.   0.   0.   0.   0.   0.
  0.   0.28 0.47 0.47 0.47 0.47 0.47 0.47 0.47 0.47 0.47 0.47 0.47 0.28
  0.18 1.  ]
 [1.   0.52 0.02 0.   0.   0.   0.   0.   0.   0.   0.   0.   0.   0.
  0.   0.   0.   0.   0.   0.   0.   0.   0.   0.   0.   0.   0.   0.
  0.13 1.  ]
 [1.   0.55 0.22 0.22 0.22 0.22 0.22 0.22 0.22 0.22 0.22 0.22 0.22 0.22
  0.22 0.22 0.22 0.22 0.22 0.22 0.22 0.22 0.22 0.22 0.22 0.22 0.22 0.22
  0.22 0.22]
 [1.   1.   1.   1.   1.   1.   1.   1.   1.   1.   1.   1.   1.   1.
  1.   1.   1.   1.   1.   1.   1.   1.   1.   1.   1.   1.   1.   1.
  1.   1.  ]]
